data/drivedata_songdo/JPL0OPSFIN_20251150000_01D_02H_GIM.INX
     1.0            IONOSPHERE MAPS     GPS                 IONEX VERSION / TYPE
GIM V3.0            JPL - GNISD         28-apr-2025 01:59   PGM / RUN BY / DATE 
JPLS GLOBAL IONOSPHERE MAPS YEAR  2025 DAY 115              COMMENT             
JPL's Global Ionospheric Maps (GIM) are generated on a      DESCRIPTION         
daily basis using data from GNSS sites from various         DESCRIPTION         
networks (including IGS, GDGPS, and NASA in particular).    DESCRIPTION         
See https://doi.org/10.1007/s00190-024-01860-3 for details. DESCRIPTION         
The vertical TEC is modeled in a solar-geomagnetic          DESCRIPTION         
reference frame using bi-cubic splines on a spherical grid. DESCRIPTION         
A Kalman filter is used to solve simultaneously for         DESCRIPTION         
instrumental biases and VTEC on the grid (as stochastic     DESCRIPTION         
parameters). The maps presented here are in the Earth-fixed DESCRIPTION         
reference frame.                                            DESCRIPTION         
The DCB are defined based on the GPS L1 and L2 frequencies. DESCRIPTION         
This product incorporates a 2 TECU offset, simply added to  DESCRIPTION         
all grid points as a constant.                              DESCRIPTION         
As per https://doi.org/10.1007/s00190-024-01860-3, the RMS  DESCRIPTION         
maps represent an upper bound of the Kalman filter formal   DESCRIPTION         
error; due to the choice of basis functions, this upper     DESCRIPTION         
bound is overestimated above 60 degrees of magnetic         DESCRIPTION         
latitude and should thus be carefully considered over these DESCRIPTION         
regions.                                                    DESCRIPTION         
Contact Address: camille.martire@jpl.nasa.gov               DESCRIPTION         
                 panagiotis.vergados@jpl.nasa.gov           DESCRIPTION         
  2025     4    25     0     0     0                        EPOCH OF FIRST MAP  
  2025     4    26     0     0     0                        EPOCH OF LAST MAP   
  7200                                                      INTERVAL            
    13                                                      # OF MAPS IN FILE   
  EXTSLAB (HT0=100KM, HT1=300KM, HT2=600KM, HT3=2000KM)     MAPPING FUNCTION    
    10.0                                                    ELEVATION CUTOFF    
One-way carrier phase leveled to code.                      OBSERVABLES USED    
   250                                                      # OF STATIONS       
  6371.0                                                    BASE RADIUS         
     2                                                      MAP DIMENSION       
   450.0 450.0   0.0                                        HGT1 / HGT2 / DHGT  
    87.5 -87.5  -2.5                                        LAT1 / LAT2 / DLAT  
  -180.0 180.0   5.0                                        LON1 / LON2 / DLON  
    -1                                                      EXPONENT            
TEC/RMS unit: 10^(exponent) TECU.                           COMMENT             
DCB     unit: nanosecond.                                   COMMENT             
                                                            END OF HEADER       
[from data line 4290]
    11                                                      START OF TEC MAP    
  2025     4    25    20     0     0                        EPOCH OF CURRENT MAP
    87.5-180.0 180.0   5.0 450.0                            LAT/LON1/LON2/DLON/H
  223  223  223  223  223  223  223  222  222  222  222  222  222  221  221  221
  221  221  221  221  221  220  220  220  220  220  219  219  219  219  219  219
  218  218  218  217  216  216  216  216  216  216  215  215  215  215  215  215
  215  215  215  215  216  216  216  216  218  218  219  219  219  220  220  221
  221  222  222  222  223  223  223  223  223
    85.0-180.0 180.0   5.0 450.0                            LAT/LON1/LON2/DLON/H
  229  229  228  228  227  226  226  226  225  225  224  224  224  224  224  224
  224  224  224  224  224  224  224  224  224  224  224  224  224  224  224  224
  223  222  221  221  220  219  218  217  216  214  214  213  212  211  211  210
  210  211  211  212  213  214  214  216  217  218  220  221  223  224  224  226
  226  228  228  229  229  229  229  229  229
    82.5-180.0 180.0   5.0 450.0                            LAT/LON1/LON2/DLON/H
  234  233  233  232  231  230  229  229  229  229  228  228  228  228  228  228
  228  228  229  229  230  230  230  231  231  232  233  233  234  234  234  234
  233  232  232  230  228  226  224  222  219  217  215  213  211  210  209  208
  208  208  208  209  210  211  213  214  216  219  221  223  225  227  229  231
  233  234  235  236  236  236  235  234  234
    80.0-180.0 180.0   5.0 450.0                            LAT/LON1/LON2/DLON/H
  238  237  236  234  234  234  234  234  233  234  234  234  234  234  234  234
  235  235  236  236  237  238  239  240  242  243  245  246  246  248  248  249
  248  248  246  244  242  239  236  232  228  224  220  216  213  210  209  207
  206  206  206  207  209  210  211  214  216  219  222  224  227  230  233  235
  238  239  241  241  241  241  240  239  238
    77.5-180.0 180.0   5.0 450.0                            LAT/LON1/LON2/DLON/H
  242  240  239  239  239  239  240  240  241  242  242  243  243  244  244  244
  244  245  246  246  248  249  251  253  254  257  259  260  261  262  262  262
  263  262  262  260  258  255  251  246  240  235  229  224  219  215  212  210
  209  208  208  208  209  210  212  213  215  218  221  224  226  230  234  237
  240  242  244  245  245  244  244  243  242
    75.0-180.0 180.0   5.0 450.0                            LAT/LON1/LON2/DLON/H
  243  243  242  243  244  245  246  248  250  251  252  253  254  255  255  255
  255  256  256  258  260  262  265  267  270  272  274  274  275  275  274  274
  273  273  273  272  271  270  265  261  254  248  240  234  228  223  219  216
  215  215  214  214  213  213  213  213  214  215  217  220  223  226  230  235
  238  242  244  246  246  246  245  244  243
    72.5-180.0 180.0   5.0 450.0                            LAT/LON1/LON2/DLON/H
  244  244  245  246  249  251  254  256  260  262  264  265  266  266  266  266
  266  266  266  269  271  274  278  282  284  286  289  289  288  286  284  281
  279  277  277  278  279  278  276  272  266  259  252  245  239  234  230  228
  226  224  222  220  218  216  214  212  211  210  211  213  216  220  224  229
  234  239  242  244  246  246  245  245  244
    70.0-180.0 180.0   5.0 450.0                            LAT/LON1/LON2/DLON/H
  244  246  248  250  254  258  262  266  270  274  276  278  278  278  276  275
  274  274  275  278  281  286  290  294  298  300  300  300  297  294  289  284
  280  277  277  278  280  281  281  279  274  268  260  254  249  244  240  238
  236  234  230  226  222  217  212  208  205  204  203  203  206  210  215  222
  228  234  239  243  244  245  245  245  244
    67.5-180.0 180.0   5.0 450.0                            LAT/LON1/LON2/DLON/H
  246  248  250  254  259  264  270  276  282  286  289  290  290  288  284  282
  279  279  280  283  287  293  299  303  306  307  306  304  300  296  290  284
  279  276  275  276  279  281  282  281  277  272  266  260  255  251  248  245
  242  238  233  227  221  214  206  200  196  193  190  190  193  198  204  212
  221  229  236  241  244  246  246  246  246
    65.0-180.0 180.0   5.0 450.0                            LAT/LON1/LON2/DLON/H
  250  252  254  259  264  271  278  286  292  298  302  302  300  297  292  287
  283  281  281  284  289  295  302  306  309  309  308  304  300  295  290  284
  279  274  274  274  277  280  281  280  277  272  268  262  258  254  250  246
  241  236  228  220  212  203  195  188  182  178  176  176  179  184  193  202
  213  224  234  240  245  248  249  250  250
    62.5-180.0 180.0   5.0 450.0                            LAT/LON1/LON2/DLON/H
  258  259  262  266  271  279  287  296  304  310  313  314  312  306  301  294
  288  284  282  284  288  294  301  306  308  308  306  304  301  296  292  286
  282  279  277  278  279  280  281  279  276  271  266  261  256  251  245  239
  232  224  214  205  196  188  180  174  168  163  160  160  164  171  180  193
  206  221  233  243  250  255  256  258  258
    60.0-180.0 180.0   5.0 450.0                            LAT/LON1/LON2/DLON/H
  272  272  272  276  282  290  299  308  316  322  326  327  325  320  312  304
  296  289  286  285  289  294  300  305  306  308  306  306  305  302  300  297
  294  290  288  286  286  284  282  279  274  270  264  259  252  244  236  226
  216  207  196  188  179  172  166  160  154  150  148  149  153  162  173  187
  204  220  235  249  258  265  269  271  272
    57.5-180.0 180.0   5.0 450.0                            LAT/LON1/LON2/DLON/H
  289  289  290  292  297  304  312  322  330  336  341  343  342  338  330  322
  312  302  295  292  292  296  300  304  307  309  311  313  316  318  318  316
  313  308  304  299  295  291  287  282  276  271  264  256  247  236  225  213
  202  191  182  173  166  161  156  152  148  144  142  144  148  157  170  186
  204  223  241  257  270  279  284  288  289
    55.0-180.0 180.0   5.0 450.0                            LAT/LON1/LON2/DLON/H
  309  310  310  312  316  323  332  340  348  355  358  360  361  359  354  346
  335  324  314  306  303  303  305  308  311  316  322  329  336  342  344  342
  336  330  322  314  306  300  294  288  281  274  266  256  244  231  217  204
  192  181  174  168  162  159  156  154  151  148  146  148  153  162  174  190
  210  230  250  268  282  293  301  306  309
    52.5-180.0 180.0   5.0 450.0                            LAT/LON1/LON2/DLON/H
  330  331  332  335  339  346  355  363  370  376  378  382  384  384  381  374
  364  352  339  328  321  317  316  316  321  328  339  350  360  368  371  369
  362  350  338  326  316  309  302  295  288  279  270  258  244  230  214  200
  191  183  178  175  172  170  168  166  162  161  159  160  164  173  185  200
  220  240  261  280  294  308  318  325  330
    50.0-180.0 180.0   5.0 450.0                            LAT/LON1/LON2/DLON/H
  349  353  356  358  364  371  380  390  397  400  401  403  406  410  409  404
  395  383  368  355  344  336  331  330  335  345  358  373  385  393  396  392
  382  365  348  334  324  316  310  303  296  286  274  262  248  234  219  207
  200  195  194  193  190  188  185  183  180  178  176  176  180  188  200  215
  234  254  275  292  306  319  332  342  349
    47.5-180.0 180.0   5.0 450.0                            LAT/LON1/LON2/DLON/H
  366  373  377  382  388  397  408  418  425  426  426  426  428  433  434  432
  425  413  399  385  370  360  352  349  353  365  380  396  407  413  414  407
  393  373  354  339  329  323  318  312  304  294  282  269  256  243  230  221
  216  214  215  215  213  208  204  200  197  194  192  192  195  202  213  229
  248  269  288  303  316  329  342  356  366
    45.0-180.0 180.0   5.0 450.0                            LAT/LON1/LON2/DLON/H
  381  390  397  403  411  422  436  449  457  457  453  450  451  455  456  455
  450  440  429  414  400  387  376  371  374  386  401  414  422  423  420  412
  398  378  358  343  335  332  329  322  314  302  290  278  267  256  246  238
  234  235  237  236  232  225  219  214  210  207  205  203  205  212  224  240
  260  282  301  314  326  338  352  368  381
    42.5-180.0 180.0   5.0 450.0                            LAT/LON1/LON2/DLON/H
  395  406  415  422  432  445  463  480  491  492  486  480  477  478  478  476
  472  464  454  443  430  417  406  398  398  409  422  432  433  429  424  416
  403  386  366  353  347  345  342  335  325  312  300  290  280  272  264  257
  254  254  253  250  242  234  226  221  216  214  210  207  208  215  228  247
  270  294  313  326  335  346  362  380  395
    40.0-180.0 180.0   5.0 450.0                            LAT/LON1/LON2/DLON/H
  408  420  430  439  450  467  490  513  528  531  525  516  509  505  502  498
  493  486  479  470  461  450  437  427  425  433  444  449  446  438  430  425
  415  400  384  372  368  365  360  352  340  326  316  306  298  290  282  274
  270  266  263  255  245  234  226  222  220  216  212  207  206  213  228  251
  277  304  324  336  346  357  373  392  408
    37.5-180.0 180.0   5.0 450.0                            LAT/LON1/LON2/DLON/H
  420  432  442  454  468  488  516  547  569  577  572  561  550  540  532  524
  516  510  505  500  494  485  471  459  454  460  469  471  466  456  450  446
  440  429  415  404  398  394  386  374  361  349  338  329  321  312  302  292
  284  277  269  256  244  233  226  224  223  220  216  209  207  213  228  253
  282  312  335  348  358  370  387  405  420
    35.0-180.0 180.0   5.0 450.0                            LAT/LON1/LON2/DLON/H
  430  440  453  467  484  508  542  580  610  625  624  614  601  586  572  558
  546  538  534  532  529  520  506  492  485  490  498  500  496  490  487  487
  483  472  458  445  436  428  418  405  392  382  372  362  350  336  324  311
  300  289  276  260  244  234  231  231  231  230  225  218  213  217  231  256
  289  321  346  360  370  384  401  417  430
    32.5-180.0 180.0   5.0 450.0                            LAT/LON1/LON2/DLON/H
  438  448  463  480  500  528  567  612  650  672  677  671  657  639  619  598
  582  572  567  568  566  556  540  524  518  522  532  538  540  540  542  543
  538  526  509  492  478  468  456  444  433  424  414  400  383  365  348  335
  320  306  289  269  252  244  244  247  250  250  245  238  230  230  240  264
  296  330  357  373  383  396  413  428  438
    30.0-180.0 180.0   5.0 450.0                            LAT/LON1/LON2/DLON/H
  445  456  472  494  517  548  590  640  685  715  728  724  712  692  668  644
  624  609  603  605  604  593  574  558  552  560  572  584  594  603  609  610
  602  586  564  541  523  510  498  486  477  468  456  439  417  396  378  364
  350  332  311  288  270  265  269  274  277  278  274  266  256  251  256  275
  306  341  368  384  393  406  422  436  445
    27.5-180.0 180.0   5.0 450.0                            LAT/LON1/LON2/DLON/H
  450  464  484  509  537  570  613  665  714  750  769  772  762  742  718  691
  666  649  641  642  640  629  608  593  591  602  619  636  654  670  681  680
  669  648  619  588  565  548  534  522  512  504  491  472  448  426  412  400
  386  368  343  316  298  294  299  305  308  308  305  298  286  275  274  288
  315  350  378  393  399  410  426  440  450
    25.0-180.0 180.0   5.0 450.0                            LAT/LON1/LON2/DLON/H
  456  473  498  528  558  593  636  688  738  778  803  810  802  785  762  736
  709  689  679  679  677  664  644  632  635  652  672  695  717  738  750  748
  735  708  668  626  594  572  556  542  530  521  510  492  471  455  446  439
  426  406  378  350  330  326  332  336  336  335  332  325  312  298  290  297
  320  356  386  398  402  409  426  442  456
    22.5-180.0 180.0   5.0 450.0                            LAT/LON1/LON2/DLON/H
  463  485  516  550  586  621  664  713  763  804  832  841  835  820  800  776
  750  728  716  714  710  697  681  676  687  710  735  758  781  800  810  807
  790  756  704  647  603  574  552  534  518  509  503  494  482  475  473  472
  462  440  412  384  365  360  361  361  356  352  348  340  328  312  301  302
  321  356  386  399  400  406  424  444  463
    20.0-180.0 180.0   5.0 450.0                            LAT/LON1/LON2/DLON/H
  473  502  538  579  617  655  696  743  790  833  862  871  865  852  836  814
  788  766  751  744  740  730  720  725  746  776  804  825  842  854  858  852
  831  788  720  644  583  542  514  490  473  466  471  476  477  480  487  492
  484  465  439  415  398  389  384  377  366  356  349  342  330  316  302  299
  314  347  378  393  396  403  423  448  473
    17.5-180.0 180.0   5.0 450.0                            LAT/LON1/LON2/DLON/H
  487  522  565  610  653  693  735  780  827  868  897  906  899  886  872  853
  829  806  787  776  769  763  763  778  808  843  870  885  893  895  892  879
  851  795  707  609  526  474  443  420  405  406  422  440  454  467  481  489
  485  471  454  438  425  413  399  382  364  349  338  330  321  310  296  288
  298  328  362  382  390  402  426  455  487
    15.0-180.0 180.0   5.0 450.0                            LAT/LON1/LON2/DLON/H
  505  548  596  647  692  735  777  822  867  910  940  949  942  927  911  894
  873  848  826  810  801  798  806  831  867  902  926  931  927  918  905  885
  847  773  662  542  445  387  360  344  334  340  363  388  412  433  452  464
  466  462  457  451  444  429  406  379  355  334  319  311  304  296  284  272
  278  306  340  366  385  404  433  468  505
    12.5-180.0 180.0   5.0 450.0                            LAT/LON1/LON2/DLON/H
  529  577  630  685  733  776  818  863  910  954  987  999  992  976  958  941
  922  898  872  850  839  837  850  878  915  946  960  954  937  916  894  867
  816  726  599  466  364  311  293  285  280  286  305  329  355  383  408  425
  435  443  450  455  452  434  403  370  340  316  298  286  284  280  268  255
  256  281  316  351  380  410  445  485  529
    10.0-180.0 180.0   5.0 450.0                            LAT/LON1/LON2/DLON/H
  553  608  668  724  773  816  857  901  947  991 1027 1044 1041 1024 1006  990
  977  956  928  903  887  883  894  918  947  966  967  948  920  892  866  833
  774  672  540  408  314  272  267  268  262  258  261  273  296  331  364  386
  403  420  437  448  446  425  390  355  324  298  276  264  262  261  251  237
  236  258  295  338  378  416  456  503  553
     7.5-180.0 180.0   5.0 450.0                            LAT/LON1/LON2/DLON/H
  576  639  704  763  811  851  889  929  971 1014 1051 1072 1075 1062 1044 1034
 1028 1012  987  960  940  931  936  949  962  963  948  920  886  856  830  796
  734  632  506  393  322  301  307  307  288  261  240  235  254  294  333  360
  380  403  423  432  425  402  368  335  308  282  258  243  241  243  234  222
  221  242  280  328  376  421  467  518  576
     5.0-180.0 180.0   5.0 450.0                            LAT/LON1/LON2/DLON/H
  595  666  737  800  847  883  915  947  980 1015 1048 1073 1081 1074 1062 1060
 1062 1056 1036 1011  990  976  971  971  965  948  920  884  850  823  799  768
  710  620  520  444  407  403  405  387  345  292  246  226  244  289  332  359
  378  396  408  408  393  367  338  312  290  266  241  224  222  226  219  208
  208  230  270  320  374  423  473  530  595
     2.5-180.0 180.0   5.0 450.0                            LAT/LON1/LON2/DLON/H
  605  684  763  830  878  911  937  959  978  997 1018 1038 1050 1050 1048 1057
 1072 1075 1064 1044 1025 1009  997  985  964  932  894  856  826  806  789  762
  714  648  586  550  542  544  530  485  417  342  282  258  279  326  364  382
  388  393  392  378  354  327  304  288  272  251  225  206  204  209  205  195
  198  221  263  315  370  421  473  533  605
