data/drivedata_songdo/JPL0OPSFIN_20251150000_01D_02H_GIM.INX
     1.0            IONOSPHERE MAPS     GPS                 IONEX VERSION / TYPE
GIM V3.0            JPL - GNISD         28-apr-2025 01:59   PGM / RUN BY / DATE 
JPLS GLOBAL IONOSPHERE MAPS YEAR  2025 DAY 115              COMMENT             
JPL's Global Ionospheric Maps (GIM) are generated on a      DESCRIPTION         
daily basis using data from GNSS sites from various         DESCRIPTION         
networks (including IGS, GDGPS, and NASA in particular).    DESCRIPTION         
See https://doi.org/10.1007/s00190-024-01860-3 for details. DESCRIPTION         
The vertical TEC is modeled in a solar-geomagnetic          DESCRIPTION         
reference frame using bi-cubic splines on a spherical grid. DESCRIPTION         
A Kalman filter is used to solve simultaneously for         DESCRIPTION         
instrumental biases and VTEC on the grid (as stochastic     DESCRIPTION         
parameters). The maps presented here are in the Earth-fixed DESCRIPTION         
reference frame.                                            DESCRIPTION         
The DCB are defined based on the GPS L1 and L2 frequencies. DESCRIPTION         
This product incorporates a 2 TECU offset, simply added to  DESCRIPTION         
all grid points as a constant.                              DESCRIPTION         
As per https://doi.org/10.1007/s00190-024-01860-3, the RMS  DESCRIPTION         
maps represent an upper bound of the Kalman filter formal   DESCRIPTION         
error; due to the choice of basis functions, this upper     DESCRIPTION         
bound is overestimated above 60 degrees of magnetic         DESCRIPTION         
latitude and should thus be carefully considered over these DESCRIPTION         
regions.                                                    DESCRIPTION         
Contact Address: camille.martire@jpl.nasa.gov               DESCRIPTION         
                 panagiotis.vergados@jpl.nasa.gov           DESCRIPTION         
  2025     4    25     0     0     0                        EPOCH OF FIRST MAP  
  2025     4    26     0     0     0                        EPOCH OF LAST MAP   
  7200                                                      INTERVAL            
    13                                                      # OF MAPS IN FILE   
  EXTSLAB (HT0=100KM, HT1=300KM, HT2=600KM, HT3=2000KM)     MAPPING FUNCTION    
    10.0                                                    ELEVATION CUTOFF    
One-way carrier phase leveled to code.                      OBSERVABLES USED    
   250                                                      # OF STATIONS       
  6371.0                                                    BASE RADIUS         
     2                                                      MAP DIMENSION       
   450.0 450.0   0.0                                        HGT1 / HGT2 / DHGT  
    87.5 -87.5  -2.5                                        LAT1 / LAT2 / DLAT  
  -180.0 180.0   5.0                                        LON1 / LON2 / DLON  
    -1                                                      EXPONENT            
TEC/RMS unit: 10^(exponent) TECU.                           COMMENT             
DCB     unit: nanosecond.                                   COMMENT             
                                                            END OF HEADER       
[from data line 3432]
     9                                                      START OF TEC MAP    
  2025     4    25    16     0     0                        EPOCH OF CURRENT MAP
    87.5-180.0 180.0   5.0 450.0                            LAT/LON1/LON2/DLON/H
  238  238  239  239  240  241  241  242  243  243  244  244  244  245  246  246
  246  248  248  249  249  250  250  251  252  252  253  253  254  254  255  255
  255  256  256  256  255  255  255  254  254  253  252  250  250  249  248  246
  245  244  243  242  240  240  239  238  237  236  236  235  234  234  234  234
  234  234  234  234  236  236  236  236  238
    85.0-180.0 180.0   5.0 450.0                            LAT/LON1/LON2/DLON/H
  234  235  236  238  239  240  241  242  243  244  244  246  246  246  248  248
  249  250  251  251  252  254  255  256  258  259  260  262  264  266  266  268
  269  270  270  270  270  269  269  267  266  264  262  260  258  256  253  251
  248  246  243  240  238  236  234  232  230  229  227  226  226  226  226  226
  226  226  227  228  229  230  231  233  234
    82.5-180.0 180.0   5.0 450.0                            LAT/LON1/LON2/DLON/H
  233  235  237  239  240  242  243  245  246  246  247  248  248  249  249  250
  250  251  252  253  254  256  258  260  263  266  269  272  275  277  280  282
  283  284  285  285  285  284  283  282  280  277  275  272  269  265  262  258
  254  251  246  243  239  236  232  230  226  225  223  221  221  220  220  220
  220  221  222  223  224  226  229  231  233
    80.0-180.0 180.0   5.0 450.0                            LAT/LON1/LON2/DLON/H
  233  235  238  240  243  244  246  247  248  249  250  250  250  251  251  251
  252  252  253  254  256  258  261  265  269  273  278  282  286  290  293  296
  298  300  300  300  299  298  296  294  292  289  286  282  279  276  272  268
  264  259  254  250  246  242  238  234  230  228  225  223  221  220  219  218
  218  219  220  221  223  225  227  230  233
    77.5-180.0 180.0   5.0 450.0                            LAT/LON1/LON2/DLON/H
  233  236  239  242  244  246  247  248  249  250  251  252  252  252  253  253
  253  254  255  256  259  262  266  270  276  282  288  294  299  304  309  312
  314  316  316  314  312  310  307  305  301  298  296  292  290  286  283  280
  276  272  268  264  260  256  251  247  243  239  236  233  230  227  225  223
  221  221  221  221  222  224  226  230  233
    75.0-180.0 180.0   5.0 450.0                            LAT/LON1/LON2/DLON/H
  232  234  238  241  243  244  246  246  248  249  250  252  253  254  256  256
  256  257  258  259  262  265  271  276  283  290  296  304  310  316  321  325
  328  329  328  326  324  320  316  312  310  306  304  302  300  299  298  296
  294  292  289  285  281  277  273  268  264  259  254  249  245  240  236  232
  228  225  223  223  223  224  226  229  232
    72.5-180.0 180.0   5.0 450.0                            LAT/LON1/LON2/DLON/H
  229  232  235  237  239  241  242  243  245  246  250  252  255  257  258  259
  259  259  260  262  264  269  275  282  289  296  303  309  315  320  326  330
  333  335  335  334  331  328  324  320  316  315  313  313  313  314  315  315
  315  314  312  309  305  301  296  290  284  279  272  265  259  252  245  238
  233  229  225  223  222  222  224  226  229
    70.0-180.0 180.0   5.0 450.0                            LAT/LON1/LON2/DLON/H
  225  228  230  233  234  236  237  239  241  244  248  253  256  259  260  261
  260  260  260  262  266  271  278  286  293  299  304  310  313  317  320  325
  329  333  336  336  335  332  329  326  324  322  322  325  326  330  332  334
  335  334  332  330  325  320  314  308  300  292  284  276  266  256  248  240
  232  226  221  218  217  218  219  222  225
    67.5-180.0 180.0   5.0 450.0                            LAT/LON1/LON2/DLON/H
  217  220  224  226  229  230  232  234  238  243  248  253  258  260  261  260
  259  258  258  260  264  270  278  286  292  297  300  302  304  304  307  312
  317  324  330  334  335  335  334  332  330  332  334  336  340  344  347  350
  350  349  346  343  337  330  322  314  304  294  283  272  261  250  239  229
  221  214  210  206  206  208  210  214  217
    65.0-180.0 180.0   5.0 450.0                            LAT/LON1/LON2/DLON/H
  207  212  216  220  222  224  226  230  234  241  249  255  260  262  262  259
  256  254  253  254  258  265  274  280  286  289  290  290  290  289  291  295
  302  310  320  328  333  336  336  337  339  341  344  349  353  356  360  360
  360  356  351  344  335  326  316  304  292  280  267  254  240  226  215  204
  196  190  188  187  189  192  196  202  207
    62.5-180.0 180.0   5.0 450.0                            LAT/LON1/LON2/DLON/H
  194  201  207  212  216  220  223  226  233  241  249  257  262  265  264  260
  256  251  248  249  252  258  266  273  278  280  280  278  276  275  276  280
  288  299  311  322  331  336  340  344  346  350  356  360  365  368  368  366
  361  354  345  334  322  310  298  284  270  256  242  226  210  196  183  171
  164  159  158  160  164  171  179  186  194
    60.0-180.0 180.0   5.0 450.0                            LAT/LON1/LON2/DLON/H
  180  190  198  206  212  216  221  226  233  243  252  262  269  271  270  266
  259  252  246  244  246  252  259  266  270  272  272  270  270  270  271  275
  282  294  306  320  331  340  346  350  356  362  368  373  376  376  373  366
  358  346  333  320  306  292  277  262  248  233  216  200  184  167  152  141
  132  128  129  132  139  148  158  169  180
    57.5-180.0 180.0   5.0 450.0                            LAT/LON1/LON2/DLON/H
  166  178  190  200  209  216  222  229  238  248  259  270  279  284  284  279
  270  260  251  245  244  247  254  261  266  269  272  273  275  277  280  282
  287  296  308  322  334  345  353  360  367  375  380  386  387  384  377  366
  352  337  321  306  290  274  260  245  231  216  200  185  168  151  136  123
  114  108  109  113  120  130  141  153  166
    55.0-180.0 180.0   5.0 450.0                            LAT/LON1/LON2/DLON/H
  154  169  183  197  209  220  228  237  246  258  270  282  294  301  303  299
  289  276  263  253  247  248  253  260  268  275  282  289  294  299  300  300
  301  306  316  328  342  354  364  373  382  389  396  400  399  393  382  367
  350  331  313  296  282  267  253  240  227  214  202  188  173  157  141  127
  115  108  105  107  113  121  131  142  154
    52.5-180.0 180.0   5.0 450.0                            LAT/LON1/LON2/DLON/H
  149  162  179  196  212  226  240  251  262  274  286  300  312  323  327  324
  314  299  283  269  259  254  258  266  276  289  302  314  322  328  328  326
  322  322  329  340  354  367  379  390  399  406  413  416  414  405  390  372
  352  332  314  298  284  271  259  247  237  228  218  209  197  184  170  155
  142  131  125  123  123  126  131  138  149
    50.0-180.0 180.0   5.0 450.0                            LAT/LON1/LON2/DLON/H
  150  162  177  196  216  236  254  269  283  295  307  320  335  347  353  352
  342  327  309  290  276  269  270  278  292  310  329  345  355  360  359  352
  344  341  345  356  370  385  399  410  418  426  432  433  429  418  402  382
  360  339  321  306  294  282  271  260  253  246  241  236  229  220  209  196
  182  171  162  156  151  146  144  144  150
    47.5-180.0 180.0   5.0 450.0                            LAT/LON1/LON2/DLON/H
  158  164  177  196  218  243  267  289  306  320  332  345  358  370  379  380
  372  358  340  319  302  291  290  298  314  335  357  376  388  390  386  375
  364  360  365  376  393  409  423  434  442  447  451  452  447  435  416  395
  372  350  332  318  306  295  284  274  267  262  260  260  258  254  247  236
  225  214  204  196  186  176  166  159  158
    45.0-180.0 180.0   5.0 450.0                            LAT/LON1/LON2/DLON/H
  168  169  176  193  216  246  276  305  328  345  358  370  382  394  403  405
  401  390  374  354  334  322  318  326  342  364  387  405  414  414  406  394
  383  382  388  403  420  439  453  462  467  470  472  471  466  453  434  409
  384  360  342  328  316  304  292  280  272  269  268  269  270  271  269  264
  256  249  241  232  220  204  189  175  168
    42.5-180.0 180.0   5.0 450.0                            LAT/LON1/LON2/DLON/H
  176  172  175  187  210  242  280  318  348  370  384  395  405  416  425  429
  429  423  411  394  375  360  356  360  375  395  416  430  437  435  426  414
  406  408  419  436  456  475  489  496  497  497  496  495  489  474  452  424
  395  369  349  332  320  306  291  276  266  260  258  258  261  264  267  268
  267  265  261  254  242  225  206  189  176
    40.0-180.0 180.0   5.0 450.0                            LAT/LON1/LON2/DLON/H
  182  173  171  179  200  234  278  324  364  393  410  420  428  437  445  451
  455  455  449  436  420  405  398  400  412  428  445  457  461  458  450  442
  439  446  460  480  501  520  533  538  535  530  528  525  516  499  471  438
  404  374  351  335  320  306  288  272  259  250  245  244  244  248  252  256
  260  262  260  254  244  230  214  197  182
    37.5-180.0 180.0   5.0 450.0                            LAT/LON1/LON2/DLON/H
  182  170  165  171  189  224  273  326  376  413  435  445  451  459  467  473
  478  484  485  479  466  452  444  443  450  462  476  486  492  491  488  485
  487  498  516  536  556  574  586  588  582  574  568  563  552  529  494  453
  413  380  357  341  329  314  298  281  267  256  248  242  239  238  241  246
  252  255  252  244  234  223  211  197  182
    35.0-180.0 180.0   5.0 450.0                            LAT/LON1/LON2/DLON/H
  178  165  160  165  182  216  268  327  384  430  456  469  475  481  489  494
  500  508  516  517  509  497  488  485  488  497  508  520  530  538  542  547
  554  567  584  602  621  638  648  648  640  629  622  612  596  565  520  472
  428  396  374  361  353  343  330  316  304  294  282  272  262  256  253  254
  258  258  251  238  224  214  206  193  178
    32.5-180.0 180.0   5.0 450.0                            LAT/LON1/LON2/DLON/H
  174  161  158  164  181  213  262  325  388  440  473  488  496  503  510  513
  517  526  540  548  546  537  528  522  522  528  542  561  582  600  614  625
  636  649  664  680  696  710  720  719  710  698  685  670  646  605  553  500
  457  426  409  403  403  402  398  392  385  377  366  351  334  318  305  299
  294  286  270  247  226  214  204  192  174
    30.0-180.0 180.0   5.0 450.0                            LAT/LON1/LON2/DLON/H
  177  162  160  168  186  214  260  320  386  444  482  500  512  522  530  530
  530  540  558  573  577  572  562  554  552  560  578  607  640  671  694  712
  726  738  753  767  780  792  800  798  787  770  752  730  696  648  590  538
  501  478  469  472  482  492  498  501  501  497  488  470  446  420  398  382
  370  352  323  287  254  232  216  198  177
    27.5-180.0 180.0   5.0 450.0                            LAT/LON1/LON2/DLON/H
  188  170  168  178  193  217  257  312  377  436  480  505  522  537  546  545
  542  551  572  594  603  602  592  583  580  591  617  657  704  747  778  800
  816  831  844  859  870  877  880  875  861  841  815  784  742  688  632  588
  562  548  545  553  570  590  605  616  622  624  618  600  573  540  510  486
  466  440  402  356  311  276  248  218  188
    25.0-180.0 180.0   5.0 450.0                            LAT/LON1/LON2/DLON/H
  210  186  182  190  202  221  254  304  364  423  468  500  525  546  558  557
  554  562  586  612  627  628  620  612  610  626  659  711  770  821  858  882
  900  917  934  948  955  954  950  940  923  897  865  827  778  723  670  637
  623  617  615  625  647  671  692  708  721  728  727  714  688  652  617  587
  561  530  488  436  383  337  295  252  210
    22.5-180.0 180.0   5.0 450.0                            LAT/LON1/LON2/DLON/H
  241  210  200  203  210  223  251  294  349  405  452  489  521  548  565  569
  567  576  601  630  649  654  648  641  644  665  708  768  834  890  928  954
  974  993 1012 1024 1023 1012  998  983  961  933  897  853  800  743  694  670
  666  662  658  665  685  710  732  750  764  776  785  783  766  733  694  662
  635  603  560  507  452  399  346  290  241
    20.0-180.0 180.0   5.0 450.0                            LAT/LON1/LON2/DLON/H
  272  236  220  214  214  224  248  287  336  388  436  478  515  548  570  580
  582  594  620  650  672  680  678  674  682  711  760  827  896  951  986 1009
 1029 1050 1068 1075 1064 1038 1014  994  972  944  908  863  806  745  696  675
  672  665  652  650  664  685  703  720  736  754  775  790  787  762  725  692
  666  638  600  552  501  447  389  328  272
    17.5-180.0 180.0   5.0 450.0                            LAT/LON1/LON2/DLON/H
  299  259  235  221  215  223  247  285  330  378  425  469  510  548  575  590
  600  614  641  672  696  708  710  710  724  760  815  882  949  999 1028 1047
 1064 1082 1095 1092 1065 1024  995  977  962  940  906  858  796  725  667  638
  626  609  587  578  588  607  625  640  659  685  720  755  768  751  715  681
  654  627  595  558  517  472  417  356  299
    15.0-180.0 180.0   5.0 450.0                            LAT/LON1/LON2/DLON/H
  316  275  246  223  212  219  246  285  330  376  423  468  511  550  582  602
  618  636  664  695  721  736  742  748  768  808  863  928  989 1031 1052 1064
 1074 1084 1088 1072 1031  983  954  946  941  927  895  843  768  682  605  560
  536  512  488  479  490  512  530  546  568  601  649  701  730  720  684  645
  614  586  558  529  500  466  422  369  316
    12.5-180.0 180.0   5.0 450.0                            LAT/LON1/LON2/DLON/H
  322  281  248  219  204  213  244  286  332  380  428  474  517  556  590  615
  635  658  687  720  748  765  776  788  811  850  902  958 1010 1042 1055 1058
 1058 1060 1054 1028  981  933  912  917  924  916  883  821  730  624  527  467
  435  410  389  386  406  433  455  473  496  535  593  658  696  688  648  600
  561  528  502  480  462  442  410  368  322
    10.0-180.0 180.0   5.0 450.0                            LAT/LON1/LON2/DLON/H
  318  279  242  209  192  203  239  286  336  387  436  484  527  566  600  628
  652  678  710  744  775  796  811  827  850  885  926  970 1010 1033 1039 1035
 1028 1021 1009  980  932  892  884  904  922  916  874  799  693  570  458  388
  354  335  325  336  368  406  433  452  476  518  580  646  686  675  626  566
  512  470  442  424  415  406  388  357  318
     7.5-180.0 180.0   5.0 450.0                            LAT/LON1/LON2/DLON/H
  306  269  229  194  176  189  228  280  336  392  445  495  539  578  612  640
  667  697  732  769  802  827  845  864  887  910  938  967  995 1012 1014 1006
  993  981  967  942  904  880  890  920  939  925  872  783  666  535  420  352
  326  322  330  357  401  447  475  490  512  550  606  667  699  682  623  548
  477  424  391  375  370  368  359  338  306
     5.0-180.0 180.0   5.0 450.0                            LAT/LON1/LON2/DLON/H
  289  253  214  179  161  173  213  269  330  392  450  504  552  591  625  654
  682  713  751  791  827  854  876  897  916  930  941  957  975  988  988  978
  963  951  942  928  908  903  924  954  964  938  873  776  659  536  436  383
  373  383  403  436  484  530  555  563  576  608  653  698  719  694  627  539
  453  389  354  338  332  334  330  316  289
     2.5-180.0 180.0   5.0 450.0                            LAT/LON1/LON2/DLON/H
  268  235  198  164  148  158  198  256  322  388  450  510  562  605  638  667
  695  727  765  808  845  874  899  922  938  943  943  948  960  970  971  963
  950  939  937  936  934  943  967  990  987  947  873  778  677  579  504  470
  472  487  507  537  580  622  640  638  642  663  695  722  727  695  625  528
  432  362  325  309  305  305  304  292  268
