data/drivedata_songdo/JPL0OPSFIN_20251150000_01D_02H_GIM.INX
     1.0            IONOSPHERE MAPS     GPS                 IONEX VERSION / TYPE
GIM V3.0            JPL - GNISD         28-apr-2025 01:59   PGM / RUN BY / DATE 
JPLS GLOBAL IONOSPHERE MAPS YEAR  2025 DAY 115              COMMENT             
JPL's Global Ionospheric Maps (GIM) are generated on a      DESCRIPTION         
daily basis using data from GNSS sites from various         DESCRIPTION         
networks (including IGS, GDGPS, and NASA in particular).    DESCRIPTION         
See https://doi.org/10.1007/s00190-024-01860-3 for details. DESCRIPTION         
The vertical TEC is modeled in a solar-geomagnetic          DESCRIPTION         
reference frame using bi-cubic splines on a spherical grid. DESCRIPTION         
A Kalman filter is used to solve simultaneously for         DESCRIPTION         
instrumental biases and VTEC on the grid (as stochastic     DESCRIPTION         
parameters). The maps presented here are in the Earth-fixed DESCRIPTION         
reference frame.                                            DESCRIPTION         
The DCB are defined based on the GPS L1 and L2 frequencies. DESCRIPTION         
This product incorporates a 2 TECU offset, simply added to  DESCRIPTION         
all grid points as a constant.                              DESCRIPTION         
As per https://doi.org/10.1007/s00190-024-01860-3, the RMS  DESCRIPTION         
maps represent an upper bound of the Kalman filter formal   DESCRIPTION         
error; due to the choice of basis functions, this upper     DESCRIPTION         
bound is overestimated above 60 degrees of magnetic         DESCRIPTION         
latitude and should thus be carefully considered over these DESCRIPTION         
regions.                                                    DESCRIPTION         
Contact Address: camille.martire@jpl.nasa.gov               DESCRIPTION         
                 panagiotis.vergados@jpl.nasa.gov           DESCRIPTION         
  2025     4    25     0     0     0                        EPOCH OF FIRST MAP  
  2025     4    26     0     0     0                        EPOCH OF LAST MAP   
  7200                                                      INTERVAL            
    13                                                      # OF MAPS IN FILE   
  EXTSLAB (HT0=100KM, HT1=300KM, HT2=600KM, HT3=2000KM)     MAPPING FUNCTION    
    10.0                                                    ELEVATION CUTOFF    
One-way carrier phase leveled to code.                      OBSERVABLES USED    
   250                                                      # OF STATIONS       
  6371.0                                                    BASE RADIUS         
     2                                                      MAP DIMENSION       
   450.0 450.0   0.0                                        HGT1 / HGT2 / DHGT  
    87.5 -87.5  -2.5                                        LAT1 / LAT2 / DLAT  
  -180.0 180.0   5.0                                        LON1 / LON2 / DLON  
    -1                                                      EXPONENT            
TEC/RMS unit: 10^(exponent) TECU.                           COMMENT             
DCB     unit: nanosecond.                                   COMMENT             
                                                            END OF HEADER       
[from data line 1716]
     5                                                      START OF TEC MAP    
  2025     4    25     8     0     0                        EPOCH OF CURRENT MAP
    87.5-180.0 180.0   5.0 450.0                            LAT/LON1/LON2/DLON/H
  214  214  213  213  213  213  213  213  213  213  213  213  213  214  214  214
  214  215  216  216  216  216  218  218  219  219  220  220  221  221  222  222
  223  223  224  224  224  224  224  224  224  223  223  223  222  222  222  221
  220  220  220  219  219  218  218  218  217  217  216  216  216  216  216  215
  215  215  214  214  214  214  214  214  214
    85.0-180.0 180.0   5.0 450.0                            LAT/LON1/LON2/DLON/H
  213  212  211  211  210  210  209  209  209  209  209  209  209  209  210  211
  211  212  213  213  214  215  216  218  219  220  222  224  225  227  229  230
  232  233  234  235  236  237  237  237  237  236  235  234  233  231  230  228
  226  225  224  223  222  221  220  219  219  218  218  218  217  217  217  216
  216  216  216  215  215  214  214  214  213
    82.5-180.0 180.0   5.0 450.0                            LAT/LON1/LON2/DLON/H
  213  212  210  209  207  206  205  204  203  203  203  203  204  204  204  205
  206  208  209  210  211  213  214  216  218  221  223  226  230  233  237  240
  244  248  251  254  256  259  260  260  260  259  257  254  252  248  245  242
  238  235  233  230  228  226  226  224  224  223  223  223  222  222  222  222
  221  220  220  219  218  217  216  214  213
    80.0-180.0 180.0   5.0 450.0                            LAT/LON1/LON2/DLON/H
  214  211  208  206  203  201  199  198  196  196  196  196  196  198  199  200
  201  202  203  204  206  208  210  212  215  218  222  226  231  237  243  249
  256  262  269  276  282  286  290  292  292  292  289  286  281  276  270  264
  258  253  249  244  242  239  237  236  235  234  234  233  233  232  232  231
  230  228  226  225  223  222  219  216  214
    77.5-180.0 180.0   5.0 450.0                            LAT/LON1/LON2/DLON/H
  214  210  205  201  197  194  192  190  188  188  188  189  190  191  192  194
  194  196  197  198  200  201  203  206  209  212  217  222  228  235  244  253
  263  274  286  296  307  316  324  329  331  331  329  324  318  311  303  295
  286  280  274  269  264  261  259  256  255  253  252  250  250  248  246  244
  242  240  236  234  231  227  223  218  214
    75.0-180.0 180.0   5.0 450.0                            LAT/LON1/LON2/DLON/H
  214  208  202  196  191  186  183  180  178  178  178  179  181  183  185  186
  188  189  190  191  191  192  194  196  200  204  209  214  220  229  239  252
  266  282  299  315  330  344  356  365  370  372  369  365  358  350  342  332
  324  315  308  302  297  292  289  286  282  280  277  274  271  268  265  260
  256  252  248  243  238  233  226  220  214
    72.5-180.0 180.0   5.0 450.0                            LAT/LON1/LON2/DLON/H
  214  206  198  191  184  178  173  169  168  166  167  169  171  174  176  179
  180  181  181  180  181  181  183  184  189  193  198  204  210  219  231  246
  264  285  306  329  350  369  385  396  405  408  408  404  397  390  380  373
  364  356  348  341  335  329  324  319  314  310  305  300  295  289  283  277
  271  265  258  252  245  238  230  222  214
    70.0-180.0 180.0   5.0 450.0                            LAT/LON1/LON2/DLON/H
  213  205  196  187  179  172  165  160  157  155  155  158  161  164  168  171
  172  172  171  170  169  168  169  172  176  181  187  194  200  209  220  235
  256  281  309  336  364  388  408  423  433  438  439  436  430  425  418  410
  404  396  389  381  374  367  360  352  345  338  331  324  316  308  300  291
  282  273  265  256  249  240  231  223  213
    67.5-180.0 180.0   5.0 450.0                            LAT/LON1/LON2/DLON/H
  213  204  195  186  176  168  159  152  147  145  145  147  151  155  158  161
  162  162  161  157  154  154  154  157  162  168  175  183  190  198  208  224
  245  272  304  338  370  399  423  440  452  459  462  461  458  454  450  445
  439  433  426  418  409  400  390  381  372  363  353  343  332  321  310  298
  286  275  265  256  246  239  230  221  213
    65.0-180.0 180.0   5.0 450.0                            LAT/LON1/LON2/DLON/H
  210  203  194  186  176  166  156  147  140  137  136  139  142  146  150  152
  152  152  149  144  141  138  139  142  148  155  164  172  180  188  198  212
  233  262  297  334  370  403  429  449  464  473  477  480  479  478  476  473
  469  463  456  447  436  425  414  403  391  380  368  355  342  328  312  296
  281  268  256  246  239  231  224  217  210
    62.5-180.0 180.0   5.0 450.0                            LAT/LON1/LON2/DLON/H
  204  200  194  186  176  166  154  144  136  132  130  131  134  138  142  143
  144  141  137  132  126  123  124  128  134  142  152  162  171  179  188  202
  222  251  287  326  365  400  430  453  470  482  490  494  496  498  498  496
  492  486  477  467  455  443  430  418  405  392  378  364  347  329  309  289
  270  253  240  230  223  218  213  209  204
    60.0-180.0 180.0   5.0 450.0                            LAT/LON1/LON2/DLON/H
  195  194  190  185  176  166  155  144  135  129  126  126  129  132  134  137
  135  132  127  121  114  111  111  115  122  132  142  152  163  172  182  194
  214  242  278  317  357  394  426  452  472  487  498  506  512  516  516  515
  510  504  494  483  470  456  444  430  416  403  388  371  351  330  306  281
  259  239  224  213  205  201  198  196  195
    57.5-180.0 180.0   5.0 450.0                            LAT/LON1/LON2/DLON/H
  186  186  184  181  175  166  156  144  136  128  124  124  126  128  130  131
  129  125  119  112  106  103  102  105  113  122  134  145  157  167  177  189
  208  234  268  307  347  385  418  448  472  492  507  519  526  532  534  532
  526  518  507  495  482  469  456  443  430  416  400  382  360  335  308  280
  254  231  214  201  193  189  186  186  186
    55.0-180.0 180.0   5.0 450.0                            LAT/LON1/LON2/DLON/H
  181  181  179  177  173  166  157  147  138  130  125  124  125  126  128  127
  124  120  114  109  103   99   98  100  106  116  128  140  154  165  176  188
  205  229  261  298  336  374  410  442  470  495  515  530  540  548  550  547
  540  530  519  507  495  484  472  460  449  435  419  399  376  348  319  290
  262  238  218  204  193  186  183  181  181
    52.5-180.0 180.0   5.0 450.0                            LAT/LON1/LON2/DLON/H
  184  182  179  176  172  167  160  151  141  132  128  127  127  128  128  126
  123  119  114  111  106  102   98   99  104  113  124  138  152  166  177  190
  205  227  256  288  324  362  399  435  468  497  520  539  553  562  565  562
  554  542  531  520  511  502  493  483  472  459  443  422  398  370  342  313
  287  264  243  226  212  201  193  188  184
    50.0-180.0 180.0   5.0 450.0                            LAT/LON1/LON2/DLON/H
  201  193  187  182  178  172  166  157  147  138  133  132  133  132  131  127
  124  121  119  116  114  110  105  103  106  113  124  139  154  168  182  195
  210  229  253  281  312  349  386  426  463  495  523  546  563  575  579  576
  567  555  545  536  530  523  517  508  498  486  470  449  424  396  370  345
  323  302  284  266  251  236  222  211  201
    47.5-180.0 180.0   5.0 450.0                            LAT/LON1/LON2/DLON/H
  233  219  206  196  189  184  176  167  156  147  142  142  142  141  137  132
  128  126  126  126  126  121  116  111  112  117  128  142  159  175  190  203
  218  234  253  275  302  336  375  416  456  492  523  548  570  585  592  591
  582  571  562  556  552  548  542  534  525  512  496  475  450  423  399  378
  360  344  329  314  298  281  264  248  233
    45.0-180.0 180.0   5.0 450.0                            LAT/LON1/LON2/DLON/H
  270  252  235  221  210  202  194  182  169  158  154  155  156  152  146  139
  136  135  137  139  140  136  129  123  122  125  135  151  168  186  202  216
  229  243  256  274  296  327  366  408  449  486  520  550  575  595  606  608
  600  591  584  580  577  574  567  559  548  535  518  496  470  445  423  405
  390  379  368  358  345  328  309  289  270
    42.5-180.0 180.0   5.0 450.0                            LAT/LON1/LON2/DLON/H
  302  282  264  249  237  227  218  204  187  174  170  171  172  166  158  149
  146  147  150  154  154  152  146  138  134  137  146  162  181  199  214  229
  241  252  264  276  295  324  360  402  443  481  517  550  580  605  622  628
  625  618  612  609  606  601  592  582  570  555  536  513  487  460  437  418
  404  395  389  386  379  365  346  324  302
    40.0-180.0 180.0   5.0 450.0                            LAT/LON1/LON2/DLON/H
  320  300  284  272  262  253  243  229  211  195  188  188  188  182  172  162
  158  160  164  169  171  169  164  157  151  151  160  176  195  213  229  242
  252  262  272  284  301  327  361  400  440  478  516  553  588  619  641  652
  654  652  650  647  642  636  625  612  599  582  562  538  510  481  454  430
  408  395  391  394  393  383  365  342  320
    37.5-180.0 180.0   5.0 450.0                            LAT/LON1/LON2/DLON/H
  312  296  287  282  277  272  266  253  234  216  207  206  204  199  189  179
  174  175  179  184  186  186  182  175  169  168  175  190  210  227  242  253
  262  270  281  294  312  336  367  403  440  480  522  562  602  637  664  680
  690  695  697  695  690  683  672  660  645  628  610  585  556  524  490  456
  423  399  390  393  394  383  360  335  312
    35.0-180.0 180.0   5.0 450.0                            LAT/LON1/LON2/DLON/H
  282  266  265  271  276  280  278  269  252  234  224  221  220  216  208  197
  190  190  193  198  201  201  199  194  188  184  191  205  223  239  252  260
  268  276  289  306  326  349  377  410  448  490  534  579  622  661  691  714
  732  746  755  758  755  750  742  732  720  707  691  668  638  602  561  515
  467  427  406  401  396  378  346  312  282
    32.5-180.0 180.0   5.0 450.0                            LAT/LON1/LON2/DLON/H
  248  226  228  243  257  268  274  272  260  246  236  233  234  233  227  216
  207  204  206  209  212  214  214  212  206  203  206  219  234  249  259  266
  273  282  298  319  340  363  390  422  460  505  553  602  648  688  721  750
  777  803  823  835  840  843  842  839  834  828  817  800  772  732  685  627
  561  500  458  437  418  385  339  289  248
    30.0-180.0 180.0   5.0 450.0                            LAT/LON1/LON2/DLON/H
  227  196  196  213  230  243  253  257  254  247  242  240  244  247  245  235
  223  216  215  218  221  225  227  226  222  218  221  231  244  255  264  271
  278  288  307  332  356  378  404  436  478  526  576  627  675  717  752  787
  826  867  901  927  945  958  968  973  976  978  976  966  943  905  856  793
  714  630  562  515  472  419  353  284  227
    27.5-180.0 180.0   5.0 450.0                            LAT/LON1/LON2/DLON/H
  240  196  188  200  213  221  227  234  236  237  238  242  249  257  259  250
  236  226  223  224  227  231  236  238  236  232  232  238  248  259  268  276
  284  297  319  346  370  392  419  455  500  549  601  652  700  743  782  825
  876  931  981 1020 1051 1075 1094 1107 1117 1127 1135 1134 1117 1084 1040  979
  896  796  704  631  566  492  406  318  240
    25.0-180.0 180.0   5.0 450.0                            LAT/LON1/LON2/DLON/H
  305  244  222  222  223  218  215  218  221  225  230  238  248  260  266  258
  244  233  228  228  230  235  241  246  244  241  239  241  249  259  270  281
  292  310  334  361  386  408  436  476  524  575  625  674  720  765  809  860
  920  987 1048 1098 1138 1169 1193 1211 1226 1242 1259 1267 1258 1234 1198 1147
 1067  961  853  761  678  590  494  394  305
    22.5-180.0 180.0   5.0 450.0                            LAT/LON1/LON2/DLON/H
  404  340  309  294  275  251  233  223  220  223  228  235  246  258  265  260
  248  237  231  229  231  236  243  249  249  244  239  238  242  254  270  286
  304  325  352  379  403  426  458  500  551  601  646  690  735  782  831  888
  954 1025 1090 1143 1186 1218 1242 1259 1276 1294 1316 1332 1332 1318 1295 1257
 1189 1089  978  877  784  690  592  493  404
    20.0-180.0 180.0   5.0 450.0                            LAT/LON1/LON2/DLON/H
  510  453  422  402  373  335  295  265  247  240  238  241  247  256  261  257
  248  239  232  228  228  233  240  247  248  241  233  228  231  245  267  292
  315  342  370  400  424  449  484  530  582  628  666  703  746  795  848  906
  970 1037 1095 1141 1176 1200 1217 1231 1246 1265 1288 1308 1314 1311 1300 1276
 1228 1148 1050  952  859  767  676  588  510
    17.5-180.0 180.0   5.0 450.0                            LAT/LON1/LON2/DLON/H
  592  554  535  520  493  450  399  350  312  286  270  262  260  260  259  255
  248  240  232  226  225  228  236  242  242  233  221  214  216  233  262  294
  326  357  389  420  448  476  515  563  612  652  683  715  756  806  858  912
  966 1017 1058 1090 1112 1128 1138 1148 1162 1180 1203 1224 1234 1236 1232 1218
 1186 1130 1054  968  881  798  720  650  592
    15.0-180.0 180.0   5.0 450.0                            LAT/LON1/LON2/DLON/H
  624  614  619  622  609  572  520  460  406  362  329  306  289  276  264  256
  249  242  233  225  221  223  229  234  233  222  208  198  200  219  254  295
  334  370  406  441  473  506  546  593  640  674  698  726  766  815  864  908
  945  974  996 1012 1023 1030 1036 1044 1058 1076 1096 1115 1128 1132 1129 1118
 1098 1066 1011  937  854  774  705  653  624
    12.5-180.0 180.0   5.0 450.0                            LAT/LON1/LON2/DLON/H
  592  609  646  680  692  675  632  572  508  452  405  368  336  307  282  264
  254  246  236  226  220  219  222  226  222  210  194  183  184  205  245  292
  337  378  419  459  495  530  571  616  658  688  710  737  778  824  867  898
  917  927  929  931  933  936  942  953  968  986 1004 1021 1032 1036 1028 1014
 1002  988  951  884  800  717  648  604  592
    10.0-180.0 180.0   5.0 450.0                            LAT/LON1/LON2/DLON/H
  527  558  617  679  720  731  711  664  602  539  483  436  393  349  309  281
  265  254  242  230  222  217  217  218  213  200  183  170  170  192  234  286
  337  383  427  469  509  546  585  625  662  691  715  745  786  830  866  887
  892  887  878  871  871  877  889  907  927  946  961  974  984  985  968  945
  932  926  898  833  742  652  577  533  527
     7.5-180.0 180.0   5.0 450.0                            LAT/LON1/LON2/DLON/H
  462  496  566  642  701  735  740  718  669  609  550  500  449  393  340  302
  279  264  251  238  226  219  215  211  204  190  173  160  159  180  222  277
  333  383  428  472  512  548  583  619  653  682  712  746  788  831  863  878
  878  869  858  853  856  869  891  917  940  958  970  982  990  987  964  930
  911  907  878  807  707  606  522  470  462
     5.0-180.0 180.0   5.0 450.0                            LAT/LON1/LON2/DLON/H
  430  456  520  598  662  707  733  731  699  648  595  547  494  432  370  324
  295  275  259  245  232  220  212  204  195  182  164  152  151  169  210  267
  325  376  421  463  501  535  567  600  633  665  698  736  778  821  855  872
  878  876  873  872  879  900  932  963  988 1005 1015 1024 1032 1026  994  952
  928  921  891  814  709  604  512  450  430
     2.5-180.0 180.0   5.0 450.0                            LAT/LON1/LON2/DLON/H
  462  470  514  575  629  674  710  723  703  659  612  570  522  460  396  344
  309  286  268  251  235  220  207  196  186  173  157  144  142  160  200  256
  315  364  406  446  480  512  542  575  607  639  672  710  752  798  839  867
  886  898  906  913  925  953  990 1027 1052 1066 1075 1084 1090 1079 1041  990
  960  950  916  838  737  640  557  494  462
