data/drivedata_songdo/JPL0OPSFIN_20251150000_01D_02H_GIM.INX
     1.0            IONOSPHERE MAPS     GPS                 IONEX VERSION / TYPE
GIM V3.0            JPL - GNISD         28-apr-2025 01:59   PGM / RUN BY / DATE 
JPLS GLOBAL IONOSPHERE MAPS YEAR  2025 DAY 115              COMMENT             
JPL's Global Ionospheric Maps (GIM) are generated on a      DESCRIPTION         
daily basis using data from GNSS sites from various         DESCRIPTION         
networks (including IGS, GDGPS, and NASA in particular).    DESCRIPTION         
See https://doi.org/10.1007/s00190-024-01860-3 for details. DESCRIPTION         
The vertical TEC is modeled in a solar-geomagnetic          DESCRIPTION         
reference frame using bi-cubic splines on a spherical grid. DESCRIPTION         
A Kalman filter is used to solve simultaneously for         DESCRIPTION         
instrumental biases and VTEC on the grid (as stochastic     DESCRIPTION         
parameters). The maps presented here are in the Earth-fixed DESCRIPTION         
reference frame.                                            DESCRIPTION         
The DCB are defined based on the GPS L1 and L2 frequencies. DESCRIPTION         
This product incorporates a 2 TECU offset, simply added to  DESCRIPTION         
all grid points as a constant.                              DESCRIPTION         
As per https://doi.org/10.1007/s00190-024-01860-3, the RMS  DESCRIPTION         
maps represent an upper bound of the Kalman filter formal   DESCRIPTION         
error; due to the choice of basis functions, this upper     DESCRIPTION         
bound is overestimated above 60 degrees of magnetic         DESCRIPTION         
latitude and should thus be carefully considered over these DESCRIPTION         
regions.                                                    DESCRIPTION         
Contact Address: camille.martire@jpl.nasa.gov               DESCRIPTION         
                 panagiotis.vergados@jpl.nasa.gov           DESCRIPTION         
  2025     4    25     0     0     0                        EPOCH OF FIRST MAP  
  2025     4    26     0     0     0                        EPOCH OF LAST MAP   
  7200                                                      INTERVAL            
    13                                                      # OF MAPS IN FILE   
  EXTSLAB (HT0=100KM, HT1=300KM, HT2=600KM, HT3=2000KM)     MAPPING FUNCTION    
    10.0                                                    ELEVATION CUTOFF    
One-way carrier phase leveled to code.                      OBSERVABLES USED    
   250                                                      # OF STATIONS       
  6371.0                                                    BASE RADIUS         
     2                                                      MAP DIMENSION       
   450.0 450.0   0.0                                        HGT1 / HGT2 / DHGT  
    87.5 -87.5  -2.5                                        LAT1 / LAT2 / DLAT  
  -180.0 180.0   5.0                                        LON1 / LON2 / DLON  
    -1                                                      EXPONENT            
TEC/RMS unit: 10^(exponent) TECU.                           COMMENT             
DCB     unit: nanosecond.                                   COMMENT             
                                                            END OF HEADER       
[from data line 3861]
    10                                                      START OF TEC MAP    
  2025     4    25    18     0     0                        EPOCH OF CURRENT MAP
    87.5-180.0 180.0   5.0 450.0                            LAT/LON1/LON2/DLON/H
  238  238  239  239  240  240  240  241  241  241  242  242  242  242  242  243
  243  243  244  244  244  244  244  245  246  246  246  246  247  248  248  248
  249  249  249  249  249  248  248  248  247  246  246  245  244  243  243  242
  241  240  239  239  238  236  236  236  236  235  234  234  234  234  234  234
  236  236  236  236  236  237  237  238  238
    85.0-180.0 180.0   5.0 450.0                            LAT/LON1/LON2/DLON/H
  239  239  240  240  241  241  242  242  242  242  242  242  242  243  243  243
  243  244  244  244  245  246  246  248  249  250  251  253  254  256  256  258
  259  260  261  261  261  261  260  259  258  256  255  253  251  249  247  245
  242  240  238  236  234  232  230  230  229  228  228  228  228  229  229  230
  230  232  233  234  235  236  236  238  239
    82.5-180.0 180.0   5.0 450.0                            LAT/LON1/LON2/DLON/H
  240  241  242  242  243  243  244  244  244  244  244  244  244  244  244  244
  244  244  244  245  246  248  249  251  253  254  257  259  262  264  266  269
  270  272  272  274  274  274  273  272  271  269  266  264  261  258  254  250
  246  243  239  236  232  229  227  226  224  223  222  223  223  224  225  226
  228  229  231  233  234  236  238  239  240
    80.0-180.0 180.0   5.0 450.0                            LAT/LON1/LON2/DLON/H
  241  243  243  244  244  244  245  245  246  246  246  246  246  246  246  246
  246  246  246  248  249  250  252  255  257  260  263  267  270  273  276  279
  282  284  284  286  286  286  285  284  282  280  278  275  271  266  262  258
  253  248  244  239  234  231  227  224  223  221  220  220  221  222  224  224
  226  229  231  233  235  237  239  240  241
    77.5-180.0 180.0   5.0 450.0                            LAT/LON1/LON2/DLON/H
  242  244  244  245  245  246  246  246  246  247  247  248  249  250  251  252
  252  252  252  253  254  256  258  261  264  268  271  275  279  282  286  289
  291  292  294  295  295  295  294  293  292  290  287  284  281  276  272  267
  262  256  252  247  242  237  233  230  226  225  224  223  223  223  224  226
  228  230  232  234  236  238  240  241  242
    75.0-180.0 180.0   5.0 450.0                            LAT/LON1/LON2/DLON/H
  243  244  244  244  245  245  245  246  246  248  250  253  255  257  259  260
  260  260  260  260  262  264  266  270  273  277  281  285  289  292  294  296
  298  299  299  300  300  300  299  299  298  296  294  292  289  286  282  278
  274  269  264  259  254  249  244  240  236  233  230  229  228  227  227  228
  229  230  232  234  236  238  239  241  243
    72.5-180.0 180.0   5.0 450.0                            LAT/LON1/LON2/DLON/H
  242  243  244  244  244  244  244  246  248  251  255  259  263  266  267  267
  266  266  266  267  269  272  276  279  283  286  290  293  296  298  299  300
  300  299  299  300  300  301  301  302  301  301  300  298  296  294  292  288
  285  281  277  272  266  261  256  250  244  240  236  234  231  230  229  228
  228  229  230  232  233  236  238  240  242
    70.0-180.0 180.0   5.0 450.0                            LAT/LON1/LON2/DLON/H
  241  243  244  244  244  244  245  247  251  256  262  267  271  272  272  271
  269  268  269  272  276  280  284  289  292  294  296  299  300  300  299  298
  296  296  296  296  298  300  301  302  304  304  304  303  302  301  299  296
  294  291  286  281  276  270  262  256  249  244  238  234  230  227  225  224
  224  224  225  227  229  232  234  238  241
    67.5-180.0 180.0   5.0 450.0                            LAT/LON1/LON2/DLON/H
  240  243  244  246  246  246  248  251  256  263  270  276  278  278  274  270
  266  266  268  273  279  284  291  295  298  299  299  299  298  296  295  293
  292  290  290  292  295  299  302  305  306  308  308  307  306  305  303  300
  298  294  289  283  276  269  260  252  244  236  231  225  220  216  214  213
  213  214  215  218  222  226  231  236  240
    65.0-180.0 180.0   5.0 450.0                            LAT/LON1/LON2/DLON/H
  239  244  248  249  250  251  254  259  266  274  281  285  286  282  275  268
  262  261  264  270  278  286  292  298  300  299  297  295  293  292  290  288
  286  286  286  290  295  300  305  309  310  312  312  310  309  306  303  300
  294  289  282  274  265  255  246  236  226  219  212  206  201  198  195  194
  194  197  201  206  212  219  226  233  239
    62.5-180.0 180.0   5.0 450.0                            LAT/LON1/LON2/DLON/H
  240  247  252  255  257  259  263  270  277  286  293  297  296  289  278  268
  260  258  260  266  274  284  292  298  299  298  295  292  290  288  286  286
  284  285  288  292  298  305  310  314  317  317  316  313  310  304  299  292
  284  276  266  256  245  234  222  212  203  195  189  183  178  174  172  171
  173  176  183  190  200  210  220  230  240
    60.0-180.0 180.0   5.0 450.0                            LAT/LON1/LON2/DLON/H
  242  252  260  264  268  271  276  283  292  302  310  313  310  301  289  276
  265  260  260  264  272  281  290  296  299  297  294  292  291  290  290  291
  291  292  294  299  306  312  319  324  325  324  320  316  309  301  292  281
  271  259  247  235  223  210  199  189  180  173  167  162  158  154  152  151
  153  158  166  176  188  201  215  229  242
    57.5-180.0 180.0   5.0 450.0                            LAT/LON1/LON2/DLON/H
  245  259  270  276  282  286  292  300  310  320  329  334  332  324  311  295
  282  272  268  268  273  280  290  296  300  300  299  299  300  302  304  306
  306  306  306  310  316  325  331  335  335  332  326  319  308  296  284  270
  257  244  230  216  204  192  181  172  165  160  156  152  148  144  141  140
  141  145  153  164  178  194  212  229  245
    55.0-180.0 180.0   5.0 450.0                            LAT/LON1/LON2/DLON/H
  250  268  282  292  299  305  312  321  332  343  353  359  358  353  342  327
  312  297  286  280  280  284  291  299  305  308  311  315  319  324  327  328
  326  324  322  324  330  338  344  346  346  340  332  322  309  294  278  263
  248  234  220  206  194  185  176  170  166  162  159  158  154  151  146  142
  141  144  150  160  174  190  210  231  250
    52.5-180.0 180.0   5.0 450.0                            LAT/LON1/LON2/DLON/H
  256  277  295  309  319  328  336  346  356  367  378  386  389  387  378  365
  349  330  313  301  294  294  298  306  314  322  329  336  344  350  353  354
  349  344  339  339  344  352  358  360  358  350  340  326  310  293  276  261
  247  234  221  209  200  192  187  183  181  179  178  178  176  173  167  161
  156  154  157  164  175  190  210  233  256
    50.0-180.0 180.0   5.0 450.0                            LAT/LON1/LON2/DLON/H
  260  285  307  325  339  350  361  372  382  393  403  412  418  420  415  404
  388  367  346  328  314  308  310  316  327  339  350  361  370  376  379  376
  370  361  354  353  358  368  374  376  372  362  349  332  315  296  279  266
  254  244  232  221  213  208  205  204  202  202  202  204  204  202  196  188
  179  174  173  175  182  194  212  234  260
    47.5-180.0 180.0   5.0 450.0                            LAT/LON1/LON2/DLON/H
  264  292  318  339  357  372  386  398  408  418  427  436  443  446  445  438
  424  404  381  359  342  330  328  334  346  359  373  385  394  400  400  395
  385  374  367  367  375  386  394  396  389  377  360  340  320  301  286  276
  268  259  248  237  229  226  225  224  223  223  224  227  229  228  223  215
  205  196  192  190  192  199  214  236  264
    45.0-180.0 180.0   5.0 450.0                            LAT/LON1/LON2/DLON/H
  266  296  325  350  372  392  408  422  433  443  450  456  463  467  467  463
  453  437  418  396  376  360  354  358  368  381  395  406  413  416  414  407
  398  387  381  385  396  411  420  420  410  394  373  350  329  310  297  289
  282  274  263  252  244  240  239  237  235  234  235  239  243  244  240  234
  225  216  210  204  202  205  216  238  266
    42.5-180.0 180.0   5.0 450.0                            LAT/LON1/LON2/DLON/H
  268  300  330  358  383  406  426  444  458  466  473  477  480  483  484  482
  476  467  454  436  416  400  389  388  395  405  415  424  428  430  427  420
  412  403  402  410  426  444  454  451  436  416  390  366  343  325  312  303
  296  287  273  260  250  245  242  239  234  231  232  235  240  242  242  240
  235  229  222  216  210  211  220  240  268
    40.0-180.0 180.0   5.0 450.0                            LAT/LON1/LON2/DLON/H
  271  302  334  364  392  418  442  463  480  491  496  499  500  500  500  499
  497  496  491  480  462  444  430  424  425  430  437  443  447  448  447  441
  434  429  433  448  469  488  496  490  472  445  417  389  365  346  331  320
  308  294  276  261  250  244  240  235  229  225  224  226  229  232  234  237
  237  234  229  223  217  216  224  243  271
    37.5-180.0 180.0   5.0 450.0                            LAT/LON1/LON2/DLON/H
  276  306  338  368  398  426  454  480  501  516  523  525  524  522  520  519
  520  525  528  524  510  492  474  462  456  458  463  469  474  479  480  476
  470  470  479  499  523  544  550  540  516  484  453  423  398  376  357  338
  320  300  280  262  252  246  242  236  231  226  224  224  225  226  229  234
  239  240  236  229  224  223  230  249  276
    35.0-180.0 180.0   5.0 450.0                            LAT/LON1/LON2/DLON/H
  282  312  343  373  403  433  463  493  520  539  550  554  554  552  548  546
  548  557  566  567  557  539  517  499  489  487  493  503  515  526  533  532
  526  526  539  562  588  608  612  598  570  535  500  469  441  416  390  364
  338  313  289  272  262  260  258  255  250  247  245  242  239  236  236  242
  249  250  246  240  234  233  240  256  282
    32.5-180.0 180.0   5.0 450.0                            LAT/LON1/LON2/DLON/H
  289  318  349  378  407  436  468  502  534  559  575  585  588  588  585  580
  582  590  602  608  600  582  557  534  520  519  530  549  572  592  606  605
  596  595  608  632  659  678  683  666  634  594  556  520  488  459  428  397
  366  338  312  296  290  293  298  300  300  299  298  292  284  273  268  269
  272  274  268  259  250  246  250  266  289
    30.0-180.0 180.0   5.0 450.0                            LAT/LON1/LON2/DLON/H
  296  324  354  383  410  439  470  505  541  574  598  613  623  626  624  619
  618  626  638  645  640  621  592  565  550  553  572  605  640  671  690  689
  677  672  684  708  735  755  758  738  698  650  606  567  533  501  469  438
  408  381  356  340  338  348  361  369  374  376  376  369  355  336  322  316
  315  313  304  289  274  264  264  275  296
    27.5-180.0 180.0   5.0 450.0                            LAT/LON1/LON2/DLON/H
  302  329  359  387  414  440  469  503  542  580  612  637  655  664  665  659
  656  660  671  679  677  657  625  595  582  592  622  668  716  756  778  777
  762  753  764  786  810  827  827  799  748  690  640  598  564  535  509  485
  463  440  416  398  399  415  434  447  457  463  464  456  437  410  386  371
  366  362  349  328  304  286  279  285  302
    25.0-180.0 180.0   5.0 450.0                            LAT/LON1/LON2/DLON/H
  306  331  360  390  416  441  468  500  540  582  621  654  680  697  702  698
  693  694  702  710  710  690  656  626  618  637  680  737  794  839  864  862
  845  834  841  858  876  887  877  836  770  700  644  602  574  555  540  528
  519  503  478  459  459  479  502  518  530  539  542  534  511  478  446  423
  414  408  394  367  336  309  292  292  306
    22.5-180.0 180.0   5.0 450.0                            LAT/LON1/LON2/DLON/H
  307  331  362  393  422  446  470  500  540  584  627  668  701  724  734  733
  727  726  732  741  743  724  688  660  659  689  745  811  873  917  940  937
  920  908  909  918  924  923  896  833  746  664  605  572  559  554  555  558
  561  553  529  507  507  528  550  565  576  587  593  586  561  524  486  459
  448  442  426  398  362  326  302  296  307
    20.0-180.0 180.0   5.0 450.0                            LAT/LON1/LON2/DLON/H
  305  329  360  396  429  456  479  507  544  588  634  679  718  747  761  764
  760  757  760  772  777  758  723  700  708  751  816  888  946  983  999  995
  978  966  960  957  948  926  873  781  672  585  535  518  522  533  547  562
  576  575  554  531  530  549  568  577  584  595  605  599  575  536  497  468
  457  453  440  413  375  336  306  296  305
    17.5-180.0 180.0   5.0 450.0                            LAT/LON1/LON2/DLON/H
  300  324  359  400  438  470  496  522  557  599  645  691  733  765  786  793
  790  786  790  803  810  794  762  744  764  817  888  957 1007 1032 1039 1031
 1016 1000  986  968  940  893  812  694  570  485  449  450  469  490  510  531
  550  557  543  526  528  546  560  562  562  572  586  582  559  522  481  452
  440  436  428  405  371  333  303  292  300
    15.0-180.0 180.0   5.0 450.0                            LAT/LON1/LON2/DLON/H
  292  318  357  403  448  487  517  546  579  619  662  707  748  782  806  818
  820  817  820  835  845  832  802  792  820  881  952 1013 1049 1059 1054 1040
 1023 1004  981  949  905  839  737  599  468  390  368  382  408  430  447  466
  492  509  508  504  512  530  540  533  526  535  548  547  524  488  450  420
  407  403  396  379  352  319  292  282  292
    12.5-180.0 180.0   5.0 450.0                            LAT/LON1/LON2/DLON/H
  281  311  355  405  457  504  541  574  608  645  684  725  764  798  825  842
  848  848  855  870  882  870  846  842  877  938 1001 1048 1064 1057 1039 1019
 1000  979  951  912  859  784  671  525  394  324  314  330  350  362  371  390
  422  452  468  477  493  512  519  506  492  495  505  503  481  446  410  382
  366  360  355  344  322  296  276  269  281
    10.0-180.0 180.0   5.0 450.0                            LAT/LON1/LON2/DLON/H
  270  304  352  407  465  519  564  603  640  675  710  745  779  812  842  864
  877  883  892  908  920  911  892  893  928  981 1028 1054 1050 1026  998  976
  957  938  910  870  819  748  639  499  376  312  300  306  308  305  306  326
  365  408  438  460  482  505  510  493  472  466  469  462  440  408  373  344
  326  316  312  305  291  272  256  255  270
     7.5-180.0 180.0   5.0 450.0                            LAT/LON1/LON2/DLON/H
  260  298  350  408  469  530  584  631  672  707  737  765  795  825  855  882
  902  915  929  946  956  951  938  943  973 1012 1037 1038 1015  980  948  925
  909  893  870  838  800  747  659  535  417  350  325  311  293  276  275  299
  346  399  439  466  490  512  517  497  469  451  442  428  405  375  343  314
  293  281  276  270  261  248  238  241  260
     5.0-180.0 180.0   5.0 450.0                            LAT/LON1/LON2/DLON/H
  252  293  348  408  472  538  601  657  703  738  764  786  808  836  865  894
  919  940  958  976  986  985  980  987 1010 1031 1032 1013  976  936  903  883
  870  858  844  827  811  783  720  612  498  422  380  346  312  289  294  331
  386  436  470  490  508  526  530  508  474  444  421  399  375  346  317  290
  268  254  247  243  236  227  222  229  252
     2.5-180.0 180.0   5.0 450.0                            LAT/LON1/LON2/DLON/H
  245  290  346  407  472  543  615  679  732  768  790  805  822  844  868  896
  925  952  974  992 1004 1008 1010 1021 1037 1042 1024  988  946  906  878  863
  853  844  837  835  838  834  795  704  594  510  455  409  369  350  368  413
  463  499  513  516  522  535  537  516  479  439  404  374  348  322  295  269
  246  232  225  222  216  211  209  219  245
