data/basic/JPL0OPSFIN_20240010000_01D_02H_GIM.INX
     1.0            IONOSPHERE MAPS     GPS                 IONEX VERSION / TYPE
GIM V3.0            JPL - GNISD         04-jan-2024 01:53   PGM / RUN BY / DATE 
JPL'S GLOBAL IONOSPHERE MAPS YEAR 2024 DAY 001              COMMENT             
Global Ionospheric Maps (GIM) are generated on an hourly    DESCRIPTION         
and daily basis at JPL using data from up to 100 GPS sites  DESCRIPTION         
of the IGS and others institutions.                         DESCRIPTION         
The vertical TEC is modeled in a solar-geomagnetic          DESCRIPTION         
reference frame using bi-cubic splines on a spherical grid. DESCRIPTION         
A Kalman filter is used to solve simultaneously for         DESCRIPTION         
instrumental biases and VTEC on the grid (as stochastic     DESCRIPTION         
parameters).                                                DESCRIPTION         
Contact Address:  gpsiono@cobra.jpl.nasa.gov .              DESCRIPTION         
  2024     1     1     0     0     0                        EPOCH OF FIRST MAP  
  2024     1     2     0     0     0                        EPOCH OF LAST MAP   
  7200                                                      INTERVAL            
    13                                                      # OF MAPS IN FILE   
  NONE                                                      MAPPING FUNCTION    
    10.0                                                    ELEVATION CUTOFF    
One-way carrier phase leveled to code                       OBSERVABLES USED    
   170                                                      # OF STATIONS       
  6371.0                                                    BASE RADIUS         
     2                                                      MAP DIMENSION       
   450.0 450.0   0.0                                        HGT1 / HGT2 / DHGT  
    87.5 -87.5  -2.5                                        LAT1 / LAT2 / DLAT  
  -180.0 180.0   5.0                                        LON1 / LON2 / DLON  
    -1                                                      EXPONENT            
TEC/RMS values in 0.1 TECU; 9999, if no value available     COMMENT             
                                                            END OF HEADER       
[from data line 3003]
     8                                                      START OF TEC MAP    
  2024     1     1    14     0     0                        EPOCH OF CURRENT MAP
    87.5-180.0 180.0   5.0 450.0                            LAT/LON1/LON2/DLON/H
   77   76   76   76   76   76   76   76   76   76   76   76   76   76   76   77
   77   77   78   78   78   79   79   80   80   80   80   81   81   81   81   82
   82   82   82   82   82   82   82   82   82   82   82   82   82   82   82   82
   82   82   82   82   82   81   81   81   81   81   80   80   80   80   79   79
   79   79   78   78   78   77   77   77   77
    85.0-180.0 180.0   5.0 450.0                            LAT/LON1/LON2/DLON/H
   73   72   72   72   71   71   70   70   70   70   70   70   70   71   71   72
   72   73   74   75   76   77   78   79   79   80   81   81   81   81   82   82
   82   82   82   81   81   81   81   81   81   81   81   81   81   81   81   81
   81   81   81   81   81   81   81   81   80   80   80   79   79   78   78   77
   77   76   76   75   75   74   74   73   73
    82.5-180.0 180.0   5.0 450.0                            LAT/LON1/LON2/DLON/H
   71   71   70   70   69   68   67   66   66   65   65   64   64   65   65   66
   68   69   71   73   75   76   78   79   81   81   82   82   82   82   82   81
   81   80   79   78   78   77   77   76   76   76   76   76   77   77   77   78
   78   79   79   79   79   79   79   79   79   79   78   78   77   77   77   76
   76   75   75   74   74   73   73   72   71
    80.0-180.0 180.0   5.0 450.0                            LAT/LON1/LON2/DLON/H
   74   74   73   72   71   70   68   66   64   63   61   60   60   60   61   62
   64   67   70   73   76   79   81   83   85   86   86   87   86   86   85   83
   82   80   78   76   74   72   71   70   69   68   69   69   70   71   72   74
   75   76   77   77   78   78   78   78   78   77   77   77   77   76   76   76
   76   76   76   75   75   75   74   74   74
    77.5-180.0 180.0   5.0 450.0                            LAT/LON1/LON2/DLON/H
   80   80   80   79   78   76   73   70   67   64   61   59   58   58   59   61
   64   67   72   77   81   86   89   92   94   95   96   96   96   95   94   93
   90   88   85   81   77   73   69   66   64   62   62   62   63   65   67   69
   72   73   75   76   77   77   77   77   77   76   76   76   77   77   78   78
   79   79   79   79   79   79   79   80   80
    75.0-180.0 180.0   5.0 450.0                            LAT/LON1/LON2/DLON/H
   89   90   91   90   89   86   83   79   75   71   67   63   61   60   61   63
   67   72   77   84   90   97  102  106  108  109  110  109  108  108  107  107
  105  103   99   94   88   82   75   69   64   61   59   59   60   61   64   67
   70   73   75   77   78   78   77   76   76   75   75   76   77   79   81   82
   84   85   85   85   86   86   87   88   89
    72.5-180.0 180.0   5.0 450.0                            LAT/LON1/LON2/DLON/H
  100  103  104  104  102   99   95   91   86   81   77   73   70   69   68   70
   73   78   84   92  101  110  117  122  126  127  127  126  124  123  123  123
  124  123  120  115  108   99   89   80   73   67   64   62   62   63   64   67
   70   73   76   77   78   78   76   75   74   73   73   74   76   79   83   86
   88   90   91   92   93   94   96   98  100
    70.0-180.0 180.0   5.0 450.0                            LAT/LON1/LON2/DLON/H
  111  115  116  116  114  110  106  102   98   94   90   87   84   81   78   77
   79   83   90  101  112  123  132  139  144  146  147  145  143  141  141  142
  143  144  143  139  131  121  110   99   89   82   76   73   71   69   69   70
   72   74   76   77   77   76   74   71   69   68   68   69   73   77   82   86
   90   93   95   96   98  100  103  107  111
    67.5-180.0 180.0   5.0 450.0                            LAT/LON1/LON2/DLON/H
  120  124  126  125  122  117  113  109  107  105  103  101   97   93   88   84
   83   86   94  106  120  133  145  154  161  165  167  167  165  162  161  162
  163  164  164  161  154  144  132  121  111  102   95   89   85   80   77   75
   74   74   74   74   73   71   67   64   61   59   58   60   64   69   75   81
   87   91   94   97  100  103  108  114  120
    65.0-180.0 180.0   5.0 450.0                            LAT/LON1/LON2/DLON/H
  124  129  131  129  124  117  112  110  110  112  113  112  108  102   94   87
   83   86   94  108  123  139  154  166  176  182  186  187  186  185  183  182
  183  182  181  178  172  163  152  142  133  124  117  109  101   93   85   79
   75   72   70   68   65   61   57   52   48   46   45   47   50   56   62   69
   76   82   87   91   96  101  108  116  124
    62.5-180.0 180.0   5.0 450.0                            LAT/LON1/LON2/DLON/H
  122  129  131  127  119  111  106  105  107  111  115  116  113  106   96   87
   81   83   93  107  125  143  160  175  187  197  203  207  207  207  206  205
  202  199  194  189  183  176  168  160  152  145  138  129  118  105   93   82
   73   67   62   58   54   49   44   39   35   32   31   32   35   40   46   53
   61   68   74   80   85   92  101  112  122
    60.0-180.0 180.0   5.0 450.0                            LAT/LON1/LON2/DLON/H
  113  122  124  119  110  101   96   95   99  105  111  113  111  104   94   84
   78   80   91  107  126  145  164  181  197  209  217  223  226  229  230  228
  222  214  205  196  190  184  178  173  167  162  155  145  131  115   98   83
   71   62   55   49   44   39   33   28   24   22   21   21   23   26   31   38
   45   53   59   65   71   78   89  101  113
    57.5-180.0 180.0   5.0 450.0                            LAT/LON1/LON2/DLON/H
  100  110  113  109  100   90   85   85   90   97  103  106  104   98   88   79
   75   79   92  110  129  149  168  187  204  218  229  236  242  248  252  251
  243  230  215  202  194  189  185  182  178  174  168  157  141  122  102   83
   69   59   51   45   39   34   29   24   21   19   18   18   19   20   23   28
   35   41   47   52   56   63   74   87  100
    55.0-180.0 180.0   5.0 450.0                            LAT/LON1/LON2/DLON/H
   86   97  101   97   90   81   77   77   82   89   95   98   96   91   83   75
   74   82   98  117  137  156  174  193  211  226  238  247  255  263  270  272
  262  246  226  209  199  193  190  188  185  182  177  166  150  128  106   87
   72   61   54   48   43   38   34   31   29   28   28   28   27   27   28   30
   34   37   41   43   46   51   60   73   86
    52.5-180.0 180.0   5.0 450.0                            LAT/LON1/LON2/DLON/H
   75   85   90   88   82   76   73   74   79   84   89   91   90   85   78   73
   76   88  108  130  149  167  184  201  219  234  245  255  264  274  283  285
  277  259  237  218  206  200  197  194  190  187  183  173  157  135  113   94
   80   71   65   61   57   53   50   47   46   46   46   47   47   46   45   44
   44   45   45   44   44   46   52   63   75
    50.0-180.0 180.0   5.0 450.0                            LAT/LON1/LON2/DLON/H
   69   77   82   81   78   75   74   76   80   85   89   90   88   83   77   75
   81   98  122  146  165  181  196  213  229  244  254  262  271  280  288  289
  282  266  247  229  217  211  206  201  197  193  188  179  164  144  124  107
   95   88   83   80   76   73   70   67   66   66   68   70   70   69   67   65
   62   59   56   53   50   50   53   60   69
    47.5-180.0 180.0   5.0 450.0                            LAT/LON1/LON2/DLON/H
   69   75   77   78   76   75   76   79   84   90   93   93   90   85   80   79
   89  111  139  165  184  199  213  229  245  258  266  272  277  282  284  281
  275  264  252  240  230  224  218  212  205  199  194  186  172  155  137  122
  112  106  102   99   96   92   88   84   82   82   85   88   91   91   89   85
   80   75   70   66   62   60   60   64   69
    45.0-180.0 180.0   5.0 450.0                            LAT/LON1/LON2/DLON/H
   73   75   76   76   76   76   79   83   89   96  100  100   97   91   86   87
   99  125  157  185  204  219  235  252  268  279  284  286  285  281  274  265
  260  256  254  249  243  238  232  225  216  209  202  194  182  166  150  137
  129  123  118  114  109  104   98   92   88   87   91   96  101  103  103   99
   94   88   83   79   75   72   70   71   73
    42.5-180.0 180.0   5.0 450.0                            LAT/LON1/LON2/DLON/H
   77   76   76   75   75   77   80   85   93  101  107  108  105  100   95   97
  112  141  175  204  224  242  261  282  298  307  308  304  296  283  266  250
  243  247  254  257  255  252  247  241  232  223  214  204  191  176  161  149
  140  133  126  119  111  103   94   86   80   79   83   90   97  102  104  102
   98   93   90   87   84   81   78   77   77
    40.0-180.0 180.0   5.0 450.0                            LAT/LON1/LON2/DLON/H
   77   76   74   73   73   75   78   83   92  103  112  115  114  110  106  110
  127  158  193  223  245  265  289  314  332  337  334  325  311  292  266  244
  235  242  255  263  265  265  263  259  251  240  229  217  202  185  168  155
  144  134  125  116  106   97   87   77   71   69   72   79   87   93   97   96
   94   90   88   87   85   82   80   79   77
    37.5-180.0 180.0   5.0 450.0                            LAT/LON1/LON2/DLON/H
   73   72   70   69   70   71   73   78   88  102  114  120  121  119  119  125
  144  176  212  242  264  287  315  342  360  364  357  345  330  309  281  256
  245  251  263  272  276  278  280  280  273  262  248  233  214  192  172  157
  145  134  125  116  108   99   88   79   72   70   72   76   82   86   89   88
   86   84   83   82   80   77   74   74   73
    35.0-180.0 180.0   5.0 450.0                            LAT/LON1/LON2/DLON/H
   64   63   62   62   64   65   67   72   82   98  112  121  126  128  132  142
  164  197  232  261  282  304  333  361  378  380  372  362  352  336  314  291
  278  278  283  288  291  295  300  304  300  288  273  253  230  204  181  165
  154  146  139  134  130  122  113  104   98   96   95   93   92   89   86   84
   81   80   80   78   74   69   65   64   64
    32.5-180.0 180.0   5.0 450.0                            LAT/LON1/LON2/DLON/H
   55   54   53   53   56   58   59   64   75   92  109  120  128  136  145  161
  186  219  253  279  297  316  340  364  378  379  375  372  374  373  362  345
  331  323  317  316  315  319  326  331  329  319  302  280  254  225  202  188
  181  179  179  182  185  181  172  165  162  160  153  141  126  110   97   89
   85   83   82   79   71   63   58   56   55
    30.0-180.0 180.0   5.0 450.0                            LAT/LON1/LON2/DLON/H
   50   47   45   46   48   51   52   56   67   85  103  117  128  141  157  179
  208  242  273  296  309  321  337  353  362  365  368  378  397  413  417  410
  398  382  368  358  353  354  359  364  362  353  337  316  290  263  243  235
  237  244  255  269  279  277  267  259  257  253  239  215  183  149  122  106
  100   97   95   89   78   66   57   52   50
    27.5-180.0 180.0   5.0 450.0                            LAT/LON1/LON2/DLON/H
   53   48   44   42   44   46   47   50   61   77   95  110  125  143  166  194
  227  261  291  310  319  323  329  337  344  350  362  385  421  455  474  478
  470  453  433  417  405  399  399  400  399  392  379  362  341  321  311  314
  326  341  359  380  394  390  374  362  359  353  332  295  247  196  156  133
  124  120  117  110   96   80   67   59   53
    25.0-180.0 180.0   5.0 450.0                            LAT/LON1/LON2/DLON/H
   67   59   52   46   45   46   46   48   56   70   85  100  118  141  170  203
  240  275  304  322  328  327  324  326  333  346  367  401  448  494  526  541
  541  528  509  487  466  451  443  439  437  433  426  417  408  400  401  413
  431  448  467  489  501  491  467  449  443  435  409  364  306  244  193  166
  154  149  145  136  122  104   88   76   67
    22.5-180.0 180.0   5.0 450.0                            LAT/LON1/LON2/DLON/H
   90   81   70   60   54   52   50   50   54   64   77   90  108  135  168  205
  244  281  311  330  338  335  330  331  344  365  394  433  483  532  569  593
  604  600  585  558  528  502  486  478  476  478  479  481  483  488  498  515
  531  543  556  571  575  556  522  496  486  475  448  404  345  282  230  200
  186  179  173  164  149  132  114  100   90
    20.0-180.0 180.0   5.0 450.0                            LAT/LON1/LON2/DLON/H
  116  107   94   81   71   65   61   57   58   63   70   82  100  128  162  201
  241  279  311  335  349  352  351  360  383  414  446  481  523  565  602  633
  654  661  651  621  581  546  524  514  515  521  531  543  556  570  585  599
  606  605  602  600  590  559  517  485  470  458  436  403  357  305  261  233
  217  206  197  187  174  158  141  126  116
    17.5-180.0 180.0   5.0 450.0                            LAT/LON1/LON2/DLON/H
  140  132  119  103   91   84   78   71   67   66   69   77   95  122  157  195
  235  274  309  340  363  376  386  406  442  482  513  537  563  592  624  659
  689  705  699  665  616  575  553  546  550  561  578  596  616  634  646  648
  637  615  591  570  545  507  463  429  412  401  389  373  348  316  285  262
  244  228  214  202  190  176  162  149  140
    15.0-180.0 180.0   5.0 450.0                            LAT/LON1/LON2/DLON/H
  156  150  138  123  111  104   97   88   81   76   75   81   97  123  155  192
  231  269  308  346  380  406  427  459  507  554  579  588  596  609  634  670
  706  726  722  684  631  591  573  571  579  594  614  635  655  668  669  655
  624  583  540  502  466  424  383  353  335  328  327  329  326  317  303  286
  267  245  224  209  197  186  174  163  156
    12.5-180.0 180.0   5.0 450.0                            LAT/LON1/LON2/DLON/H
  162  156  147  135  126  121  115  105   96   88   85   90  106  131  161  195
  231  270  311  357  401  438  470  512  567  613  629  622  613  613  631  667
  704  727  723  686  633  597  586  590  601  617  636  654  669  674  663  633
  587  530  473  423  379  338  304  279  265  261  270  286  302  312  314  304
  285  257  231  212  199  189  178  169  162
    10.0-180.0 180.0   5.0 450.0                            LAT/LON1/LON2/DLON/H
  161  154  146  138  133  132  128  119  108  100   97  104  121  145  174  205
  240  279  323  374  425  470  510  554  607  646  649  629  607  601  617  653
  691  715  712  677  629  599  594  603  614  629  644  657  665  661  641  600
  544  479  415  358  311  275  249  233  223  223  237  260  284  304  316  314
  297  266  235  212  199  189  179  169  161
     7.5-180.0 180.0   5.0 450.0                            LAT/LON1/LON2/DLON/H
  157  147  140  135  134  135  133  125  116  109  108  117  136  161  190  221
  255  294  342  396  451  500  541  582  624  650  642  612  586  581  599  635
  673  698  698  668  627  603  602  611  621  632  643  650  651  642  617  572
  515  450  386  329  283  251  232  222  217  220  233  254  275  296  312  317
  305  274  239  214  200  189  179  168  157
     5.0-180.0 180.0   5.0 450.0                            LAT/LON1/LON2/DLON/H
  155  143  135  132  133  136  133  125  117  112  114  128  150  177  206  237
  271  313  363  420  477  526  564  597  625  636  618  584  560  559  582  620
  658  683  688  666  634  614  611  615  622  630  637  640  637  627  602  564
  514  455  393  336  291  261  246  239  237  241  250  263  276  290  306  318
  311  281  245  220  205  194  183  170  155
     2.5-180.0 180.0   5.0 450.0                            LAT/LON1/LON2/DLON/H
  161  146  137  133  136  138  133  123  114  110  115  132  158  188  219  252
  287  331  384  442  498  545  578  601  615  612  588  556  538  545  574  613
  651  678  687  673  647  629  621  618  620  626  631  632  629  621  603  574
  534  483  424  368  324  295  281  276  276  278  281  284  286  292  306  321
  319  291  256  231  216  204  192  177  161
