data/basic/JPL0OPSFIN_20240010000_01D_02H_GIM.INX
     1.0            IONOSPHERE MAPS     GPS                 IONEX VERSION / TYPE
GIM V3.0            JPL - GNISD         04-jan-2024 01:53   PGM / RUN BY / DATE 
JPL'S GLOBAL IONOSPHERE MAPS YEAR 2024 DAY 001              COMMENT             
Global Ionospheric Maps (GIM) are generated on an hourly    DESCRIPTION         
and daily basis at JPL using data from up to 100 GPS sites  DESCRIPTION         
of the IGS and others institutions.                         DESCRIPTION         
The vertical TEC is modeled in a solar-geomagnetic          DESCRIPTION         
reference frame using bi-cubic splines on a spherical grid. DESCRIPTION         
A Kalman filter is used to solve simultaneously for         DESCRIPTION         
instrumental biases and VTEC on the grid (as stochastic     DESCRIPTION         
parameters).                                                DESCRIPTION         
Contact Address:  gpsiono@cobra.jpl.nasa.gov .              DESCRIPTION         
  2024     1     1     0     0     0                        EPOCH OF FIRST MAP  
  2024     1     2     0     0     0                        EPOCH OF LAST MAP   
  7200                                                      INTERVAL            
    13                                                      # OF MAPS IN FILE   
  NONE                                                      MAPPING FUNCTION    
    10.0                                                    ELEVATION CUTOFF    
One-way carrier phase leveled to code                       OBSERVABLES USED    
   170                                                      # OF STATIONS       
  6371.0                                                    BASE RADIUS         
     2                                                      MAP DIMENSION       
   450.0 450.0   0.0                                        HGT1 / HGT2 / DHGT  
    87.5 -87.5  -2.5                                        LAT1 / LAT2 / DLAT  
  -180.0 180.0   5.0                                        LON1 / LON2 / DLON  
    -1                                                      EXPONENT            
TEC/RMS values in 0.1 TECU; 9999, if no value available     COMMENT             
                                                            END OF HEADER       
[from data line 4719]
    12                                                      START OF TEC MAP    
  2024     1     1    22     0     0                        EPOCH OF CURRENT MAP
    87.5-180.0 180.0   5.0 450.0                            LAT/LON1/LON2/DLON/H
   74   75   76   76   77   78   79   79   79   80   80   80   80   79   79   79
   78   77   77   76   75   74   73   72   71   70   69   67   66   65   64   63
   62   60   59   58   58   57   56   55   55   54   54   53   53   53   52   52
   52   53   53   53   53   54   54   55   56   56   57   58   59   60   61   63
   64   65   66   68   69   70   71   72   74
    85.0-180.0 180.0   5.0 450.0                            LAT/LON1/LON2/DLON/H
   86   88   90   92   93   95   96   96   97   97   97   97   97   96   95   94
   93   92   91   89   88   86   85   83   81   79   77   75   73   71   69   67
   66   64   62   60   59   57   56   55   54   53   52   52   51   51   50   50
   50   50   49   50   50   50   51   51   52   53   55   56   58   60   62   64
   66   69   71   74   76   79   81   84   86
    82.5-180.0 180.0   5.0 450.0                            LAT/LON1/LON2/DLON/H
   99  102  105  107  109  111  112  113  113  113  112  111  110  109  107  106
  104  103  101  100   98   97   96   94   93   91   89   87   85   83   80   78
   75   72   70   68   66   64   63   62   61   61   60   59   58   58   57   56
   55   54   53   52   52   52   52   52   53   54   55   56   58   61   63   66
   69   73   76   80   84   88   92   95   99
    80.0-180.0 180.0   5.0 450.0                            LAT/LON1/LON2/DLON/H
  111  115  118  121  123  124  125  125  125  124  122  120  118  115  113  110
  108  106  105  104  103  103  104  104  104  104  103  102  100   98   95   92
   89   85   82   80   77   76   75   74   74   73   73   72   71   70   69   67
   65   63   62   60   58   57   56   55   55   56   57   58   60   63   66   69
   73   77   82   87   92   97  102  107  111
    77.5-180.0 180.0   5.0 450.0                            LAT/LON1/LON2/DLON/H
  123  127  130  133  135  136  137  137  136  135  133  130  126  122  117  113
  108  104  102  101  101  103  106  110  113  116  118  118  117  115  112  108
  104   99   96   93   90   89   88   87   87   87   87   87   86   84   82   80
   78   75   72   69   66   64   62   60   60   59   60   61   63   65   68   72
   77   82   88   94  101  107  113  118  123
    75.0-180.0 180.0   5.0 450.0                            LAT/LON1/LON2/DLON/H
  134  138  141  144  146  148  150  152  154  154  154  152  147  139  130  120
  110  101   95   92   93   97  103  111  118  124  129  131  131  129  125  121
  115  110  106  103  100   99   98   98   98   98   98   98   97   96   94   91
   88   84   81   77   74   71   68   66   64   63   63   64   66   68   71   76
   81   88   95  102  110  117  123  129  134
    72.5-180.0 180.0   5.0 450.0                            LAT/LON1/LON2/DLON/H
  144  148  151  154  158  163  169  176  183  189  192  191  185  173  155  136
  117  101   90   85   85   89   97  107  118  127  133  137  138  136  132  126
  120  114  109  106  104  103  102  103  103  104  104  103  102  101   99   96
   93   90   86   83   79   76   73   70   68   67   66   66   68   70   74   78
   85   92  101  110  118  127  134  140  144
    70.0-180.0 180.0   5.0 450.0                            LAT/LON1/LON2/DLON/H
  153  157  161  166  173  182  194  208  223  237  245  247  239  221  195  165
  136  111   94   83   79   82   89  100  112  123  131  135  135  132  127  120
  114  109  104  102  100  100  100  100  100  101  100  100  100   99   98   96
   94   91   88   85   81   78   75   72   70   68   67   67   68   71   74   80
   87   96  106  117  127  136  143  149  153
    67.5-180.0 180.0   5.0 450.0                            LAT/LON1/LON2/DLON/H
  162  166  171  178  189  203  222  244  268  290  304  309  300  278  246  208
  171  137  110   91   81   79   83   91  102  112  119  122  121  117  112  106
  101   96   93   91   90   90   90   90   90   90   90   91   91   92   92   91
   90   88   86   83   80   77   74   71   68   67   65   65   66   69   73   79
   88   98  109  121  133  143  152  158  162
    65.0-180.0 180.0   5.0 450.0                            LAT/LON1/LON2/DLON/H
  171  176  182  192  205  223  247  276  307  336  358  366  359  336  301  259
  216  175  139  112   93   82   79   83   90   97  102  103  101   97   92   87
   84   81   79   78   77   76   75   75   75   75   76   78   80   81   83   84
   83   82   80   77   74   71   68   66   64   62   61   61   62   65   69   76
   85   97  110  123  137  149  158  166  171
    62.5-180.0 180.0   5.0 450.0                            LAT/LON1/LON2/DLON/H
  182  189  197  208  222  242  268  299  333  366  393  408  405  386  353  311
  265  219  177  141  112   93   81   77   79   83   85   84   82   78   74   71
   69   69   68   67   65   63   61   60   60   61   63   65   68   71   74   76
   76   74   72   69   66   64   61   59   57   56   56   56   57   60   64   71
   81   93  107  122  138  152  165  174  182
    60.0-180.0 180.0   5.0 450.0                            LAT/LON1/LON2/DLON/H
  196  206  216  227  242  261  285  314  346  379  408  426  430  419  394  358
  314  266  219  176  139  111   91   80   76   76   75   73   70   67   65   64
   64   64   63   61   57   53   50   48   48   50   53   56   60   64   67   69
   69   67   64   61   59   56   54   53   52   51   51   52   53   55   60   66
   76   88  103  120  138  156  171  185  196
    57.5-180.0 180.0   5.0 450.0                            LAT/LON1/LON2/DLON/H
  214  228  240  252  265  281  300  324  352  381  408  428  437  435  419  392
  355  310  262  215  172  137  110   94   85   81   79   76   74   72   71   71
   71   70   67   62   56   50   46   44   45   47   51   54   58   61   63   65
   64   62   59   56   54   52   51   51   50   50   50   51   52   53   57   63
   72   85  101  119  140  161  181  199  214
    55.0-180.0 180.0   5.0 450.0                            LAT/LON1/LON2/DLON/H
  236  254  270  283  295  307  320  337  358  380  402  421  434  439  433  416
  387  349  304  257  212  173  142  122  111  105  101   98   94   92   90   89
   86   82   77   70   62   55   50   49   51   53   56   59   61   62   64   65
   64   61   58   56   54   53   53   54   54   55   55   55   55   55   58   63
   73   86  102  122  145  169  193  215  236
    52.5-180.0 180.0   5.0 450.0                            LAT/LON1/LON2/DLON/H
  259  281  301  316  328  338  348  359  371  385  399  414  428  438  440  433
  413  382  343  299  255  216  185  164  152  145  139  133  127  122  117  112
  106   99   91   82   73   66   62   61   63   66   68   68   68   69   69   69
   68   66   63   62   61   61   62   63   64   65   65   64   63   62   63   68
   77   92  110  131  156  182  209  234  259
    50.0-180.0 180.0   5.0 450.0                            LAT/LON1/LON2/DLON/H
  281  308  332  349  361  370  379  387  395  401  406  414  425  437  445  445
  434  410  377  339  299  263  232  212  200  191  183  173  163  154  144  134
  124  115  105   97   89   82   79   78   80   82   82   81   80   78   78   77
   76   74   73   72   72   73   74   76   77   78   77   76   73   71   71   76
   87  103  123  146  172  200  226  253  281
    47.5-180.0 180.0   5.0 450.0                            LAT/LON1/LON2/DLON/H
  300  331  359  379  392  401  410  417  422  423  421  423  429  440  450  454
  448  431  405  373  339  307  279  260  247  237  226  212  197  181  165  150
  137  126  117  110  104   98   95   95   96   97   96   94   92   90   89   87
   86   85   84   84   84   86   87   89   91   91   90   88   85   81   81   87
   99  117  139  165  192  218  244  271  300
    45.0-180.0 180.0   5.0 450.0                            LAT/LON1/LON2/DLON/H
  316  350  380  402  416  425  435  443  446  444  439  435  438  446  455  459
  455  443  423  398  370  343  319  300  286  274  259  241  219  197  176  158
  143  133  126  122  117  112  109  108  108  108  107  106  105  103  100   98
   96   95   94   94   95   96   98  100  102  102  102  100   96   93   93   99
  113  133  157  184  211  237  260  286  316
    42.5-180.0 180.0   5.0 450.0                            LAT/LON1/LON2/DLON/H
  329  364  396  418  430  439  448  457  462  460  453  447  447  452  459  461
  457  446  430  411  389  367  346  327  311  297  279  258  233  207  183  164
  149  139  134  130  126  121  118  116  115  115  115  115  115  113  110  106
  103  102  101  100  101  102  104  106  108  109  110  109  106  103  105  113
  128  149  174  201  228  252  274  298  329
    40.0-180.0 180.0   5.0 450.0                            LAT/LON1/LON2/DLON/H
  339  374  406  427  437  443  449  457  463  464  459  453  451  455  460  460
  454  444  431  416  399  381  362  343  325  308  289  268  242  216  194  175
  160  149  143  138  131  125  121  118  118  118  119  120  121  120  116  110
  106  103  102  102  102  104  106  108  111  113  114  115  114  113  117  127
  143  164  189  215  241  263  284  308  339
    37.5-180.0 180.0   5.0 450.0                            LAT/LON1/LON2/DLON/H
  346  381  411  429  436  439  442  447  454  458  456  451  450  454  458  458
  451  440  429  416  403  388  370  350  330  312  294  275  254  233  214  198
  183  168  156  146  136  127  121  119  118  119  121  123  124  122  117  110
  105  101  100  100  101  102  105  107  111  114  116  118  119  121  128  140
  158  178  201  226  249  271  292  316  346
    35.0-180.0 180.0   5.0 450.0                            LAT/LON1/LON2/DLON/H
  353  384  411  425  430  431  432  436  442  448  449  445  443  448  456  457
  450  439  428  417  405  391  373  351  330  313  298  286  275  264  253  240
  222  199  177  159  144  131  124  120  119  120  122  123  124  122  116  109
  103  100   98   98   99  100  102  105  109  113  116  119  122  128  138  153
  172  192  213  234  256  277  298  323  353
    32.5-180.0 180.0   5.0 450.0                            LAT/LON1/LON2/DLON/H
  361  388  409  420  424  424  425  429  436  443  445  439  436  443  455  460
  455  444  433  422  410  394  374  352  330  315  306  305  308  310  307  296
  273  240  207  181  159  143  131  126  123  123  124  125  125  123  118  111
  104  101   99   98   98   99  100  103  107  111  115  118  122  131  146  165
  185  205  223  242  262  283  307  333  361
    30.0-180.0 180.0   5.0 450.0                            LAT/LON1/LON2/DLON/H
  374  396  412  420  423  424  428  434  442  449  449  441  436  445  460  469
  465  454  443  432  418  399  377  354  334  322  321  331  350  367  371  359
  330  289  247  213  187  165  148  137  132  130  130  131  131  130  126  119
  113  108  105  103  101  100  100  102  105  109  112  115  121  133  152  175
  199  219  235  251  270  292  319  347  374
    27.5-180.0 180.0   5.0 450.0                            LAT/LON1/LON2/DLON/H
  394  414  427  433  436  440  448  457  466  472  468  456  449  458  475  483
  478  466  455  442  427  406  382  361  344  338  344  365  398  427  437  423
  388  341  295  257  227  198  172  155  145  142  142  144  146  147  145  138
  130  123  117  112  107  104  102  103  105  108  110  112  118  134  157  185
  212  233  247  261  281  307  337  367  394
    25.0-180.0 180.0   5.0 450.0                            LAT/LON1/LON2/DLON/H
  425  447  461  469  473  479  488  499  508  512  505  488  479  486  500  503
  493  478  465  452  434  413  392  376  366  367  379  407  449  487  497  478
  439  391  346  308  273  237  202  177  164  159  161  166  172  175  174  166
  154  143  133  124  116  110  107  106  108  110  110  110  116  134  162  195
  226  248  262  274  295  325  360  395  425
    22.5-180.0 180.0   5.0 450.0                            LAT/LON1/LON2/DLON/H
  464  495  518  534  542  547  553  561  568  568  558  539  527  531  537  529
  508  487  471  456  439  422  408  402  403  412  428  458  503  541  547  520
  478  434  393  356  319  276  233  201  186  183  188  197  205  210  207  196
  181  166  151  138  126  118  114  113  114  115  113  110  115  135  167  205
  240  265  278  290  313  347  387  427  464
    20.0-180.0 180.0   5.0 450.0                            LAT/LON1/LON2/DLON/H
  506  550  589  621  639  645  644  644  645  640  626  605  592  591  585  560
  525  494  472  455  441  432  432  441  457  475  491  515  554  585  583  547
  504  466  432  396  356  308  259  225  210  210  217  229  238  242  237  224
  205  186  168  151  137  128  123  122  123  123  118  112  115  137  173  214
  254  282  296  309  333  369  413  460  506
    17.5-180.0 180.0   5.0 450.0                            LAT/LON1/LON2/DLON/H
  544  602  660  711  746  756  751  743  736  727  709  688  672  664  644  601
  548  504  474  453  442  444  461  489  520  544  555  567  593  613  600  559
  517  486  456  420  376  325  278  246  233  234  243  254  263  264  258  242
  223  202  181  162  148  138  134  133  134  132  125  116  117  140  178  224
  268  300  317  331  355  391  437  489  544
    15.0-180.0 180.0   5.0 450.0                            LAT/LON1/LON2/DLON/H
  571  640  713  785  838  857  851  840  830  820  804  784  767  750  715  653
  582  523  482  456  447  460  494  539  582  607  608  603  611  616  594  551
  515  491  463  424  379  331  288  261  251  252  259  267  271  269  262  248
  231  212  192  172  158  148  145  144  144  140  131  119  120  143  184  234
  281  317  338  354  376  409  455  509  571
    12.5-180.0 180.0   5.0 450.0                            LAT/LON1/LON2/DLON/H
  580  650  733  820  891  922  923  915  908  903  896  883  869  846  799  721
  633  557  502  468  460  483  529  585  632  651  636  611  598  587  559  523
  501  486  459  418  373  330  294  271  262  259  261  261  259  257  253  246
  235  220  201  181  167  157  153  151  150  145  134  121  121  146  190  242
  293  332  357  375  395  424  466  519  580
    10.0-180.0 180.0   5.0 450.0                            LAT/LON1/LON2/DLON/H
  576  638  714  802  882  930  946  948  951  958  966  967  960  939  887  802
  701  609  539  495  485  512  563  620  660  664  628  582  549  527  502  482
  480  478  452  410  367  329  298  277  263  254  248  241  236  236  238  240
  237  227  209  190  175  164  158  154  150  143  131  119  122  149  194  248
  301  343  372  391  409  434  473  521  576
     7.5-180.0 180.0   5.0 450.0                            LAT/LON1/LON2/DLON/H
  564  612  672  745  820  874  904  921  940  966  995 1016 1024 1011  964  880
  774  671  588  536  521  546  595  643  667  648  591  527  482  454  437  438
  460  472  450  410  371  336  306  280  259  242  230  219  213  217  227  238
  242  236  220  200  183  169  160  152  144  136  125  116  122  151  198  252
  305  348  379  401  418  441  477  520  564
     5.0-180.0 180.0   5.0 450.0                            LAT/LON1/LON2/DLON/H
  553  586  623  672  731  782  816  839  867  910  963 1010 1041 1045 1014  942
  839  732  642  582  562  583  623  656  660  618  542  467  416  389  383  406
  450  477  462  427  391  356  320  285  255  232  215  202  199  210  229  247
  255  250  232  210  190  174  160  149  138  128  119  113  123  155  202  255
  306  348  379  403  422  446  480  518  553
     2.5-180.0 180.0   5.0 450.0                            LAT/LON1/LON2/DLON/H
  552  571  586  608  644  684  714  733  758  806  872  940  996 1026 1020  970
  882  780  689  626  603  617  645  662  647  587  501  424  373  352  360  401
  460  497  490  460  424  385  341  296  257  230  212  203  206  224  248  267
  273  265  245  221  198  179  163  148  135  124  117  115  128  161  207  257
  305  345  375  400  422  449  484  522  552
