data/basic/JPL0OPSFIN_20240010000_01D_02H_GIM.INX
     1.0            IONOSPHERE MAPS     GPS                 IONEX VERSION / TYPE
GIM V3.0            JPL - GNISD         04-jan-2024 01:53   PGM / RUN BY / DATE 
JPL'S GLOBAL IONOSPHERE MAPS YEAR 2024 DAY 001              COMMENT             
Global Ionospheric Maps (GIM) are generated on an hourly    DESCRIPTION         
and daily basis at JPL using data from up to 100 GPS sites  DESCRIPTION         
of the IGS and others institutions.                         DESCRIPTION         
The vertical TEC is modeled in a solar-geomagnetic          DESCRIPTION         
reference frame using bi-cubic splines on a spherical grid. DESCRIPTION         
A Kalman filter is used to solve simultaneously for         DESCRIPTION         
instrumental biases and VTEC on the grid (as stochastic     DESCRIPTION         
parameters).                                                DESCRIPTION         
Contact Address:  gpsiono@cobra.jpl.nasa.gov .              DESCRIPTION         
  2024     1     1     0     0     0                        EPOCH OF FIRST MAP  
  2024     1     2     0     0     0                        EPOCH OF LAST MAP   
  7200                                                      INTERVAL            
    13                                                      # OF MAPS IN FILE   
  NONE                                                      MAPPING FUNCTION    
    10.0                                                    ELEVATION CUTOFF    
One-way carrier phase leveled to code                       OBSERVABLES USED    
   170                                                      # OF STATIONS       
  6371.0                                                    BASE RADIUS         
     2                                                      MAP DIMENSION       
   450.0 450.0   0.0                                        HGT1 / HGT2 / DHGT  
    87.5 -87.5  -2.5                                        LAT1 / LAT2 / DLAT  
  -180.0 180.0   5.0                                        LON1 / LON2 / DLON  
    -1                                                      EXPONENT            
TEC/RMS values in 0.1 TECU; 9999, if no value available     COMMENT             
                                                            END OF HEADER       
[from data line 1287]
     4                                                      START OF TEC MAP    
  2024     1     1     6     0     0                        EPOCH OF CURRENT MAP
    87.5-180.0 180.0   5.0 450.0                            LAT/LON1/LON2/DLON/H
   77   77   77   77   77   77   77   77   76   76   76   75   75   75   74   74
   73   73   73   73   72   72   72   72   72   72   72   73   73   73   74   74
   74   74   75   75   75   76   76   76   76   76   76   76   76   76   76   76
   76   76   76   76   76   76   76   76   75   75   75   75   75   75   75   75
   75   76   76   76   76   76   76   77   77
    85.0-180.0 180.0   5.0 450.0                            LAT/LON1/LON2/DLON/H
   79   79   80   80   80   80   80   80   79   79   78   77   76   74   73   72
   70   69   68   67   67   66   66   66   66   67   67   68   69   70   71   72
   73   74   74   75   76   76   76   77   77   77   77   77   77   77   77   77
   77   77   76   76   76   76   76   76   75   75   75   75   75   75   75   75
   75   75   76   76   76   77   78   78   79
    82.5-180.0 180.0   5.0 450.0                            LAT/LON1/LON2/DLON/H
   80   81   82   83   83   83   84   83   83   82   80   79   77   75   72   70
   67   65   63   61   60   59   59   59   60   61   62   64   66   68   69   71
   72   74   75   75   75   76   75   75   75   75   75   75   75   76   76   77
   77   78   78   79   79   79   79   79   79   79   79   78   78   77   77   77
   77   77   77   77   78   78   79   80   80
    80.0-180.0 180.0   5.0 450.0                            LAT/LON1/LON2/DLON/H
   81   82   83   83   84   85   85   85   85   84   83   81   78   75   72   69
   65   62   59   56   54   53   53   53   55   57   59   62   65   68   71   73
   74   75   75   75   74   73   72   71   70   70   70   70   71   72   74   76
   79   81   83   85   87   89   90   91   91   91   90   89   88   87   86   84
   83   82   81   81   80   80   80   81   81
    77.5-180.0 180.0   5.0 450.0                            LAT/LON1/LON2/DLON/H
   81   81   81   82   83   84   84   85   85   85   84   83   80   77   73   69
   65   60   57   53   51   49   49   51   53   57   60   64   68   72   74   76
   77   77   76   74   71   69   66   64   62   62   62   63   65   68   72   77
   82   88   93   99  103  107  110  112  114  114  113  112  110  107  104  101
   98   94   91   88   86   84   82   81   81
    75.0-180.0 180.0   5.0 450.0                            LAT/LON1/LON2/DLON/H
   81   79   79   79   80   81   82   83   84   84   84   84   82   79   75   70
   66   61   56   53   50   49   50   52   55   59   64   69   73   77   79   80
   80   77   74   70   66   62   58   54   52   51   52   55   59   64   72   80
   90  100  110  119  127  134  140  144  146  147  146  144  141  137  131  126
  120  113  107  100   95   90   86   83   81
    72.5-180.0 180.0   5.0 450.0                            LAT/LON1/LON2/DLON/H
   81   78   76   76   76   77   78   80   81   82   83   82   81   79   75   71
   66   62   58   54   52   51   52   55   58   64   69   74   79   82   83   82
   79   75   70   64   58   52   47   44   41   41   43   47   54   63   74   87
  101  115  130  143  155  165  173  179  182  184  183  180  175  169  162  153
  144  134  125  115  106   98   91   85   81
    70.0-180.0 180.0   5.0 450.0                            LAT/LON1/LON2/DLON/H
   82   78   75   73   73   73   74   76   78   79   80   80   79   77   74   71
   67   63   59   56   55   54   55   58   62   67   73   78   82   84   84   81
   77   71   64   56   49   43   38   34   32   33   36   42   52   64   79   96
  114  132  150  167  182  195  205  212  217  218  217  213  206  198  189  178
  166  154  141  128  116  105   96   88   82
    67.5-180.0 180.0   5.0 450.0                            LAT/LON1/LON2/DLON/H
   83   77   74   71   71   71   71   72   74   75   75   75   75   73   71   68
   66   63   60   58   56   56   57   60   64   69   74   79   82   83   81   78
   72   65   57   50   42   36   31   28   27   28   33   41   53   68   86  106
  128  149  170  189  206  220  231  239  243  244  242  236  229  219  208  195
  181  167  152  137  123  111   99   90   83
    65.0-180.0 180.0   5.0 450.0                            LAT/LON1/LON2/DLON/H
   82   76   72   70   69   69   70   70   70   70   71   71   70   69   68   66
   64   61   59   58   57   57   57   59   62   67   72   76   79   80   78   74
   68   60   52   45   39   34   29   27   26   28   34   44   58   76   97  119
  142  165  186  205  222  235  246  254  258  258  254  247  237  226  213  200
  186  171  156  141  126  113  101   90   82
    62.5-180.0 180.0   5.0 450.0                            LAT/LON1/LON2/DLON/H
   80   74   70   69   68   68   68   68   67   67   66   66   66   66   65   63
   62   60   59   57   56   56   56   58   60   64   68   73   76   77   76   72
   66   58   51   45   40   36   32   30   30   32   39   52   68   89  111  135
  158  180  199  216  231  243  253  260  264  262  257  248  236  223  210  196
  182  167  153  138  124  111   98   88   80
    60.0-180.0 180.0   5.0 450.0                            LAT/LON1/LON2/DLON/H
   75   69   67   67   67   67   67   66   65   64   63   64   64   64   63   62
   60   59   58   57   56   56   56   57   59   62   67   71   75   77   77   74
   69   62   54   49   44   41   39   37   37   41   49   64   84  106  130  153
  175  195  211  225  236  246  255  261  263  261  254  243  230  217  203  189
  175  161  147  133  119  106   93   83   75
    57.5-180.0 180.0   5.0 450.0                            LAT/LON1/LON2/DLON/H
   68   63   62   63   64   65   65   64   62   62   62   63   64   64   63   61
   60   59   59   58   58   57   58   59   61   65   69   73   78   81   83   81
   76   69   62   56   53   50   49   48   48   53   63   80  102  127  151  174
  193  210  223  233  241  248  254  260  261  259  250  239  225  211  197  183
  169  155  142  128  115  101   88   76   68
    55.0-180.0 180.0   5.0 450.0                            LAT/LON1/LON2/DLON/H
   62   57   57   59   61   62   62   62   61   61   62   64   65   65   64   63
   61   61   61   62   62   62   63   65   69   73   77   81   86   90   93   92
   87   80   73   67   64   62   61   60   61   67   80   98  122  148  173  194
  212  225  235  241  246  250  255  260  261  258  250  238  225  212  199  185
  171  156  142  128  113   98   83   71   62
    52.5-180.0 180.0   5.0 450.0                            LAT/LON1/LON2/DLON/H
   58   54   53   55   58   59   60   60   61   62   64   67   68   68   67   65
   65   65   66   68   69   71   73   77   82   87   91   94   97  101  104  104
  100   92   85   80   77   75   74   74   76   83   96  116  141  168  192  212
  228  240  247  251  253  256  259  263  264  261  253  242  231  220  209  196
  181  165  149  133  116   99   82   68   58
    50.0-180.0 180.0   5.0 450.0                            LAT/LON1/LON2/DLON/H
   58   53   53   55   57   58   59   61   63   66   69   71   73   73   71   70
   69   71   73   77   80   83   87   93   99  104  108  110  111  114  116  115
  111  104   98   94   92   90   88   88   91   99  113  133  157  183  207  226
  241  253  259  262  263  263  265  268  268  265  258  250  241  232  223  212
  197  180  162  144  125  105   86   70   58
    47.5-180.0 180.0   5.0 450.0                            LAT/LON1/LON2/DLON/H
   64   58   57   58   59   60   61   63   67   71   75   77   78   78   76   75
   75   78   83   89   94   99  105  112  118  123  126  126  126  126  125  123
  118  112  108  107  107  105  103  103  107  116  129  147  169  193  216  236
  251  263  270  273  273  273  273  274  274  271  265  258  251  245  239  229
  215  197  178  158  137  115   94   76   64
    45.0-180.0 180.0   5.0 450.0                            LAT/LON1/LON2/DLON/H
   73   67   65   66   66   66   66   69   73   78   81   84   85   84   82   81
   82   86   94  103  112  119  126  133  138  142  142  141  139  136  132  128
  123  118  117  118  120  120  118  119  124  133  146  160  178  200  222  242
  258  271  280  284  284  283  283  282  280  276  270  264  259  255  250  242
  230  213  193  172  149  126  104   86   73
    42.5-180.0 180.0   5.0 450.0                            LAT/LON1/LON2/DLON/H
   82   76   74   76   77   77   76   76   80   85   89   91   91   91   89   88
   90   96  106  120  132  142  150  155  157  158  156  154  149  143  137  131
  125  121  122  126  130  131  131  134  141  151  162  174  188  207  227  247
  264  278  288  294  296  295  293  290  285  280  274  268  262  258  255  249
  239  224  205  183  160  136  113   94   82
    40.0-180.0 180.0   5.0 450.0                            LAT/LON1/LON2/DLON/H
   87   81   81   84   87   88   86   85   88   92   96   98   99   98   97   97
   99  107  120  137  153  165  173  176  175  171  168  164  158  149  139  131
  125  123  126  131  136  139  141  147  157  169  181  190  201  216  234  252
  268  283  295  303  307  307  304  298  291  285  278  271  265  260  257  252
  244  231  213  192  168  143  120  100   87
    37.5-180.0 180.0   5.0 450.0                            LAT/LON1/LON2/DLON/H
   87   81   82   87   92   95   94   93   94   99  103  106  107  106  105  106
  109  118  134  153  172  185  193  194  189  182  176  172  164  152  140  131
  125  124  127  133  138  143  149  158  172  187  200  209  218  230  245  260
  274  288  302  312  317  319  315  307  298  291  284  277  270  265  263  260
  254  241  224  202  176  149  123  101   87
    35.0-180.0 180.0   5.0 450.0                            LAT/LON1/LON2/DLON/H
   83   73   73   79   88   94   96   96   98  103  108  112  114  115  114  115
  121  131  147  166  185  199  206  206  198  189  183  177  167  154  140  130
  124  124  128  132  137  144  153  167  185  204  220  230  239  249  261  272
  283  296  309  320  327  329  325  317  307  299  293  288  282  279  279  280
  275  262  244  221  193  162  130  103   83
    32.5-180.0 180.0   5.0 450.0                            LAT/LON1/LON2/DLON/H
   87   68   61   64   73   83   89   93   97  103  110  116  120  122  123  125
  132  143  157  173  190  203  210  210  203  194  188  181  169  153  138  129
  124  125  127  130  134  142  155  174  196  220  240  253  263  272  281  289
  297  307  319  328  335  338  335  328  319  312  308  306  306  308  314  318
  314  301  281  256  225  190  152  116   87
    30.0-180.0 180.0   5.0 450.0                            LAT/LON1/LON2/DLON/H
  108   77   58   52   56   65   75   83   89   97  107  116  124  127  130  134
  143  154  164  174  186  196  204  205  201  196  191  183  169  151  137  128
  125  125  127  127  129  138  155  178  206  234  258  276  288  297  305  310
  316  324  332  338  342  345  344  340  335  331  330  333  341  353  367  378
  375  361  340  314  282  242  197  151  108
    27.5-180.0 180.0   5.0 450.0                            LAT/LON1/LON2/DLON/H
  160  111   77   57   50   54   63   71   78   86   98  111  122  129  133  139
  150  160  166  170  175  184  192  196  197  195  192  184  168  150  136  129
  126  127  126  123  123  133  153  182  214  247  276  298  313  323  331  337
  342  348  351  351  353  355  357  357  356  355  358  368  386  408  432  449
  450  436  416  394  365  326  276  218  160
    25.0-180.0 180.0   5.0 450.0                            LAT/LON1/LON2/DLON/H
  250  184  131   92   69   61   65   69   71   75   85  100  115  125  132  140
  151  160  162  160  162  169  178  186  191  193  192  184  168  150  137  131
  129  129  125  119  117  129  153  186  222  260  293  318  335  347  358  367
  374  378  376  371  369  372  376  381  384  386  393  410  436  467  499  522
  525  513  497  481  460  430  383  320  250
    22.5-180.0 180.0   5.0 450.0                            LAT/LON1/LON2/DLON/H
  365  291  226  169  125  100   91   85   78   74   79   92  106  118  126  134
  143  151  151  148  149  156  167  179  187  192  192  184  168  152  141  136
  134  132  126  117  114  127  155  192  232  273  309  336  355  370  385  399
  409  413  407  399  395  400  407  414  420  425  436  457  488  525  560  585
  590  581  570  563  553  534  498  438  365
    20.0-180.0 180.0   5.0 450.0                            LAT/LON1/LON2/DLON/H
  481  409  341  277  219  177  150  129  108   92   87   92  102  113  119  124
  130  136  136  135  138  149  163  177  186  191  190  182  169  156  147  143
  141  137  129  119  116  130  161  200  243  287  325  353  373  392  412  431
  446  452  446  437  435  442  451  459  465  472  484  507  539  575  607  629
  633  626  621  622  625  621  599  549  481
    17.5-180.0 180.0   5.0 450.0                            LAT/LON1/LON2/DLON/H
  575  514  452  389  327  276  238  203  169  138  118  108  108  113  115  114
  116  119  121  124  133  148  166  181  189  192  189  181  170  160  154  150
  148  143  135  125  123  140  172  212  256  301  340  369  390  412  438  464
  484  494  491  484  485  494  504  510  514  521  534  557  586  615  638  652
  652  645  641  647  659  669  663  630  575
    15.0-180.0 180.0   5.0 450.0                            LAT/LON1/LON2/DLON/H
  623  580  534  480  423  372  330  291  251  211  175  146  130  123  117  110
  106  107  110  118  133  154  175  190  195  194  188  180  171  164  159  156
  154  151  144  136  136  154  187  226  269  314  354  383  406  433  464  494
  519  533  534  531  536  548  557  560  560  566  580  601  625  645  657  660
  654  645  640  644  656  671  676  659  623
    12.5-180.0 180.0   5.0 450.0                            LAT/LON1/LON2/DLON/H
  616  589  560  524  481  440  405  371  334  293  246  201  167  146  130  116
  107  105  109  121  140  165  189  203  205  199  189  179  171  166  162  159
  160  160  155  149  153  172  204  241  283  326  366  396  422  452  486  520
  548  565  571  572  579  593  602  601  597  602  615  634  653  664  665  658
  647  634  625  624  630  641  647  638  616
    10.0-180.0 180.0   5.0 450.0                            LAT/LON1/LON2/DLON/H
  574  553  531  506  480  457  440  421  397  362  313  257  210  177  153  133
  121  117  122  135  156  184  209  221  217  205  192  180  172  166  162  161
  164  168  167  164  170  190  221  256  294  336  375  407  435  468  504  539
  568  586  593  597  607  621  629  625  620  623  635  652  667  672  665  652
  636  621  610  602  599  600  600  592  574
     7.5-180.0 180.0   5.0 450.0                            LAT/LON1/LON2/DLON/H
  523  497  471  447  427  418  418  421  418  399  357  301  249  209  179  157
  144  140  145  157  178  206  231  239  230  213  196  181  172  166  161  160
  166  175  178  179  188  208  236  268  304  344  382  415  445  479  515  549
  574  590  597  601  612  627  636  632  626  628  640  655  668  671  662  646
  630  616  604  592  578  566  557  543  523
     5.0-180.0 180.0   5.0 450.0                            LAT/LON1/LON2/DLON/H
  486  449  411  377  353  347  357  373  387  388  364  320  274  235  205  184
  172  168  172  182  200  227  251  256  241  219  199  183  172  165  160  160
  168  180  188  192  203  223  249  279  313  350  387  420  451  483  517  546
  567  578  582  588  599  616  627  625  620  622  633  647  659  663  655  642
  628  618  611  601  582  560  538  516  486
     2.5-180.0 180.0   5.0 450.0                            LAT/LON1/LON2/DLON/H
  487  434  376  324  287  274  283  303  323  337  332  309  279  249  225  208
  198  195  197  204  218  242  264  266  248  223  201  183  171  163  158  159
  169  184  194  203  215  235  259  287  319  355  390  422  452  481  510  535
  550  556  559  565  578  596  609  609  606  609  619  633  645  651  648  639
  630  626  627  623  606  579  553  526  487
