data/basic/JPL0OPSFIN_20240010000_01D_02H_GIM.INX
     1.0            IONOSPHERE MAPS     GPS                 IONEX VERSION / TYPE
GIM V3.0            JPL - GNISD         04-jan-2024 01:53   PGM / RUN BY / DATE 
JPL'S GLOBAL IONOSPHERE MAPS YEAR 2024 DAY 001              COMMENT             
Global Ionospheric Maps (GIM) are generated on an hourly    DESCRIPTION         
and daily basis at JPL using data from up to 100 GPS sites  DESCRIPTION         
of the IGS and others institutions.                         DESCRIPTION         
The vertical TEC is modeled in a solar-geomagnetic          DESCRIPTION         
reference frame using bi-cubic splines on a spherical grid. DESCRIPTION         
A Kalman filter is used to solve simultaneously for         DESCRIPTION         
instrumental biases and VTEC on the grid (as stochastic     DESCRIPTION         
parameters).                                                DESCRIPTION         
Contact Address:  gpsiono@cobra.jpl.nasa.gov .              DESCRIPTION         
  2024     1     1     0     0     0                        EPOCH OF FIRST MAP  
  2024     1     2     0     0     0                        EPOCH OF LAST MAP   
  7200                                                      INTERVAL            
    13                                                      # OF MAPS IN FILE   
  NONE                                                      MAPPING FUNCTION    
    10.0                                                    ELEVATION CUTOFF    
One-way carrier phase leveled to code                       OBSERVABLES USED    
   170                                                      # OF STATIONS       
  6371.0                                                    BASE RADIUS         
     2                                                      MAP DIMENSION       
   450.0 450.0   0.0                                        HGT1 / HGT2 / DHGT  
    87.5 -87.5  -2.5                                        LAT1 / LAT2 / DLAT  
  -180.0 180.0   5.0                                        LON1 / LON2 / DLON  
    -1                                                      EXPONENT            
TEC/RMS values in 0.1 TECU; 9999, if no value available     COMMENT             
                                                            END OF HEADER       
[from data line 4290]
    11                                                      START OF TEC MAP    
  2024     1     1    20     0     0                        EPOCH OF CURRENT MAP
    87.5-180.0 180.0   5.0 450.0                            LAT/LON1/LON2/DLON/H
   46   46   46   46   46   46   46   46   46   46   46   46   46   46   46   47
   47   47   47   48   48   49   49   49   50   50   51   51   52   52   53   53
   53   54   54   54   54   54   55   55   54   54   54   54   54   53   53   52
   52   52   51   51   50   50   49   49   48   48   48   47   47   47   47   47
   46   46   46   46   46   46   46   46   46
    85.0-180.0 180.0   5.0 450.0                            LAT/LON1/LON2/DLON/H
   58   58   58   58   57   57   57   57   57   56   56   56   56   56   56   56
   56   56   57   57   58   58   59   60   61   62   64   65   66   68   69   70
   71   72   73   74   75   75   75   75   75   75   75   74   74   73   71   70
   69   67   66   64   63   62   61   60   59   58   57   57   57   57   57   57
   57   57   57   57   57   58   58   58   58
    82.5-180.0 180.0   5.0 450.0                            LAT/LON1/LON2/DLON/H
   78   78   78   77   77   76   75   74   73   73   72   71   71   70   70   69
   69   68   68   68   69   69   70   72   74   76   78   81   83   86   88   90
   92   94   95   97   98   99  100  101  101  101  101  100   99   97   96   93
   91   88   85   82   80   77   75   73   72   71   70   70   70   70   70   71
   72   73   73   74   75   76   77   77   78
    80.0-180.0 180.0   5.0 450.0                            LAT/LON1/LON2/DLON/H
  100  100  100   99   98   97   95   93   91   89   88   86   85   84   83   81
   80   79   77   77   76   76   77   79   82   86   89   93   97  101  104  107
  110  112  114  115  117  119  120  122  123  124  125  125  124  122  120  117
  113  109  105  101   97   93   90   87   86   84   84   83   84   84   85   86
   88   89   91   93   95   97   98   99  100
    77.5-180.0 180.0   5.0 450.0                            LAT/LON1/LON2/DLON/H
  120  121  120  119  116  113  110  107  105  103  101   99   98   96   94   92
   89   85   82   79   77   76   76   79   83   87   93   99  105  110  114  118
  121  123  125  127  128  130  132  134  137  139  141  142  142  141  138  135
  131  126  121  115  110  105  101   98   96   95   94   94   94   95   97   98
  101  103  106  109  112  115  117  119  120
    75.0-180.0 180.0   5.0 450.0                            LAT/LON1/LON2/DLON/H
  134  135  134  132  129  125  121  118  115  114  113  113  112  111  108  104
   99   93   86   79   73   69   68   70   74   80   88   96  104  111  117  121
  124  126  127  128  130  132  134  137  140  143  146  148  149  149  147  144
  140  134  129  123  117  112  108  104  102  101  100  100  101  102  104  105
  108  111  114  118  121  125  129  132  134
    72.5-180.0 180.0   5.0 450.0                            LAT/LON1/LON2/DLON/H
  139  141  140  139  136  132  129  127  125  126  127  129  131  131  129  125
  118  108   96   83   72   65   62   62   64   69   77   87   96  104  110  114
  117  118  119  121  122  124  127  130  134  138  141  144  145  145  144  142
  138  133  128  123  118  113  109  106  104  103  102  102  103  104  105  107
  109  111  115  118  123  127  132  136  139
    70.0-180.0 180.0   5.0 450.0                            LAT/LON1/LON2/DLON/H
  136  139  140  141  139  138  136  136  138  141  147  153  159  163  164  161
  153  138  119  100   84   73   68   64   61   61   65   73   82   89   95   99
  101  102  104  105  107  110  113  116  120  124  127  129  131  131  131  130
  128  125  121  116  112  108  105  103  101  100   99  100  100  101  102  103
  105  107  109  113  117  122  127  132  136
    67.5-180.0 180.0   5.0 450.0                            LAT/LON1/LON2/DLON/H
  129  134  138  140  142  143  145  148  154  162  173  186  198  209  217  217
  208  189  164  138  117  104   94   84   73   63   59   61   66   72   76   79
   81   82   84   86   88   91   95   98  101  104  107  109  110  112  112  112
  112  110  108  105  102   99   97   95   93   92   92   92   92   93   94   95
   96   97  100  103  107  112  117  123  129
    65.0-180.0 180.0   5.0 450.0                            LAT/LON1/LON2/DLON/H
  121  128  135  141  146  151  156  164  175  189  207  227  249  268  282  286
  279  258  230  201  178  162  148  130  106   82   65   57   55   57   59   61
   62   64   65   68   70   74   77   80   82   84   86   88   89   90   92   93
   93   93   92   90   89   87   85   84   82   81   80   80   80   81   82   83
   84   86   88   91   95  100  106  113  121
    62.5-180.0 180.0   5.0 450.0                            LAT/LON1/LON2/DLON/H
  115  125  135  144  153  161  171  184  200  222  247  275  304  330  350  360
  355  336  309  280  257  239  220  193  157  118   86   65   55   51   50   50
   50   51   53   55   57   60   62   64   66   67   68   69   70   72   73   75
   76   76   76   75   74   74   72   71   69   67   66   65   66   67   69   70
   72   73   76   79   83   89   97  105  115
    60.0-180.0 180.0   5.0 450.0                            LAT/LON1/LON2/DLON/H
  112  125  138  151  163  176  190  207  230  257  289  323  357  387  411  426
  426  411  387  360  338  319  297  264  218  167  122   90   70   59   54   52
   50   50   50   50   51   52   54   55   56   57   57   58   59   59   60   61
   62   62   62   62   62   62   61   60   58   56   54   53   53   55   57   59
   61   63   65   69   74   82   90  101  112
    57.5-180.0 180.0   5.0 450.0                            LAT/LON1/LON2/DLON/H
  114  129  145  161  177  193  211  233  261  294  330  367  400  429  455  473
  479  472  453  430  409  390  366  330  279  224  172  131  103   86   75   68
   63   59   56   54   52   52   52   52   53   54   55   55   55   54   54   53
   53   53   54   54   54   54   54   53   51   48   46   45   45   47   49   52
   54   55   58   62   69   77   88  100  114
    55.0-180.0 180.0   5.0 450.0                            LAT/LON1/LON2/DLON/H
  119  136  155  174  193  213  235  261  293  329  366  401  431  456  479  498
  510  509  495  475  455  436  414  379  332  280  231  188  154  128  110   96
   85   75   68   63   59   57   57   57   58   59   59   58   57   55   53   52
   51   51   52   53   54   54   54   53   51   48   45   44   44   46   48   50
   52   53   56   60   66   76   88  102  119
    52.5-180.0 180.0   5.0 450.0                            LAT/LON1/LON2/DLON/H
  125  145  167  188  211  234  259  288  322  358  394  425  449  469  489  509
  523  526  515  495  474  456  436  408  371  331  291  250  212  178  150  128
  110   95   83   75   70   68   68   69   70   70   69   67   64   61   58   56
   56   57   59   61   61   61   61   59   57   54   52   51   51   52   54   55
   56   57   58   62   67   77   90  106  125
    50.0-180.0 180.0   5.0 450.0                            LAT/LON1/LON2/DLON/H
  133  156  180  204  229  255  283  314  348  381  412  438  457  474  491  510
  526  531  521  499  477  458  442  423  399  373  343  307  265  224  186  156
  131  112   97   88   83   81   82   83   83   83   81   78   75   71   67   65
   66   69   72   74   74   73   71   69   67   65   64   63   63   64   65   65
   65   65   65   67   71   80   93  111  133
    47.5-180.0 180.0   5.0 450.0                            LAT/LON1/LON2/DLON/H
  141  167  193  219  246  274  304  336  368  398  423  444  461  476  491  509
  525  531  519  497  473  456  443  431  418  403  382  348  303  254  209  172
  144  122  108   99   95   95   95   96   97   96   93   90   85   81   78   77
   79   82   86   88   87   84   81   79   78   77   77   76   77   78   78   78
   77   76   75   74   76   84   97  117  141
    45.0-180.0 180.0   5.0 450.0                            LAT/LON1/LON2/DLON/H
  150  178  206  234  261  289  321  354  384  409  429  447  463  479  495  513
  528  532  519  497  474  458  448  440  432  422  402  366  316  262  212  174
  147  128  116  109  106  106  107  108  107  106  103   99   95   92   89   88
   90   94   98   98   95   91   88   86   87   88   89   90   91   92   92   91
   90   87   85   82   82   88  102  124  150
    42.5-180.0 180.0   5.0 450.0                            LAT/LON1/LON2/DLON/H
  160  190  219  247  273  300  333  367  396  418  434  449  467  485  503  521
  535  538  526  506  487  475  465  456  445  429  403  362  308  253  205  170
  147  132  123  118  116  115  115  114  114  112  110  107  103  100   97   96
   98  100  102  100   95   90   87   88   91   95   98  101  103  104  105  104
  101   98   94   90   88   94  109  132  160
    40.0-180.0 180.0   5.0 450.0                            LAT/LON1/LON2/DLON/H
  172  203  232  258  281  308  340  376  407  427  441  455  473  493  513  532
  544  546  535  520  508  499  490  476  457  431  395  348  293  240  198  169
  152  141  133  129  125  122  120  119  118  118  117  114  109  105  101   99
   98   99   97   93   86   82   82   86   92   99  105  110  113  115  115  114
  111  107  102   96   94  100  116  142  172
    37.5-180.0 180.0   5.0 450.0                            LAT/LON1/LON2/DLON/H
  185  216  244  267  287  312  345  384  417  439  452  466  483  504  524  542
  553  553  544  534  528  523  512  493  466  430  386  337  285  238  203  181
  168  159  151  144  136  130  126  124  124  124  124  120  113  106  100   96
   95   94   90   83   76   73   76   83   93  103  110  116  119  122  123  121
  118  113  107  101  100  107  126  153  185
    35.0-180.0 180.0   5.0 450.0                            LAT/LON1/LON2/DLON/H
  200  231  257  275  292  314  347  388  425  450  465  479  495  514  534  550
  558  556  548  540  538  535  524  501  468  428  385  341  298  261  234  216
  203  192  180  167  153  142  135  132  133  134  133  127  117  107  100   95
   93   91   86   77   69   68   74   84   96  107  115  119  123  126  127  126
  123  118  111  106  106  115  136  166  200
    32.5-180.0 180.0   5.0 450.0                            LAT/LON1/LON2/DLON/H
  216  247  269  283  296  315  348  390  429  458  478  493  508  525  543  556
  560  553  541  534  531  528  515  492  462  428  397  369  340  313  290  272
  255  238  220  200  179  161  150  147  148  150  147  138  124  113  105  101
  100   98   91   81   73   73   80   92  104  114  119  121  123  125  127  127
  124  120  114  109  111  123  147  180  216
    30.0-180.0 180.0   5.0 450.0                            LAT/LON1/LON2/DLON/H
  233  264  283  293  302  319  348  388  428  461  486  504  519  535  551  561
  559  545  528  515  508  500  487  469  449  433  423  416  404  384  363  341
  319  296  272  245  215  189  174  169  169  169  165  154  139  128  122  121
  121  120  113  101   92   91   97  107  117  123  123  121  120  122  124  125
  123  120  115  112  116  131  159  195  233
    27.5-180.0 180.0   5.0 450.0                            LAT/LON1/LON2/DLON/H
  251  284  301  308  314  327  350  384  421  457  487  510  528  544  560  568
  559  538  512  491  477  465  453  444  440  445  460  475  476  462  440  415
  389  363  335  302  264  227  203  194  192  190  186  176  163  156  156  159
  161  159  149  134  121  118  121  127  132  133  127  120  116  116  118  120
  120  118  115  114  120  138  170  210  251
    25.0-180.0 180.0   5.0 450.0                            LAT/LON1/LON2/DLON/H
  270  306  325  331  335  343  359  384  416  451  484  512  534  554  572  578
  564  535  501  471  449  435  427  430  445  471  508  538  547  534  510  483
  458  433  405  367  317  267  235  219  213  211  209  204  199  199  203  209
  210  205  192  173  156  148  147  148  148  142  130  118  111  110  112  115
  116  116  114  115  124  146  181  225  270
    22.5-180.0 180.0   5.0 450.0                            LAT/LON1/LON2/DLON/H
  291  331  356  366  369  371  379  395  420  453  487  517  543  568  588  594
  577  541  500  462  436  422  423  442  474  517  565  600  606  589  563  539
  519  499  471  428  368  305  262  240  229  227  230  234  238  245  254  260
  259  251  233  211  191  178  172  167  160  148  132  117  108  105  106  109
  112  113  114  118  129  154  192  241  291
    20.0-180.0 180.0   5.0 450.0                            LAT/LON1/LON2/DLON/H
  311  359  391  409  415  415  416  424  442  471  504  534  561  589  613  620
  600  561  514  473  446  438  452  488  535  586  631  655  649  625  597  578
  566  553  526  477  406  333  281  251  237  236  246  259  271  284  294  300
  297  285  265  240  218  202  191  180  167  151  133  116  106  101  102  106
  109  112  115  122  137  164  205  257  311
    17.5-180.0 180.0   5.0 450.0                            LAT/LON1/LON2/DLON/H
  330  385  428  456  467  468  469  476  491  515  543  568  594  622  648  656
  636  595  545  501  478  479  507  558  616  664  697  701  677  643  614  600
  596  587  559  503  424  345  289  256  239  239  253  272  289  303  313  317
  312  298  279  257  236  219  204  188  170  151  133  117  105   99  100  104
  108  111  117  129  148  177  219  272  330
    15.0-180.0 180.0   5.0 450.0                            LAT/LON1/LON2/DLON/H
  346  406  460  498  518  524  529  542  561  586  610  627  645  670  696  705
  686  644  591  547  528  538  577  638  698  737  751  732  689  645  615  604
  604  596  563  502  421  344  290  258  239  237  250  268  283  294  301  305
  303  294  281  264  246  229  211  191  170  150  132  118  106   99   99  103
  108  112  121  137  162  193  235  287  346
    12.5-180.0 180.0   5.0 450.0                            LAT/LON1/LON2/DLON/H
  358  420  481  530  560  574  587  609  637  668  691  703  713  734  759  769
  752  709  654  609  592  607  650  712  765  789  782  743  684  633  602  592
  592  581  544  482  405  338  292  261  240  232  237  245  251  258  266  274
  280  280  274  264  250  232  212  190  168  149  133  120  108  101  100  104
  109  115  126  148  177  211  251  300  358
    10.0-180.0 180.0   5.0 450.0                            LAT/LON1/LON2/DLON/H
  365  427  490  545  584  608  631  663  702  741  768  777  783  803  829  843
  830  790  732  684  667  680  715  763  799  803  779  727  662  610  581  572
  570  555  517  456  389  334  299  273  248  230  219  211  208  212  224  240
  255  264  267  262  249  230  208  185  166  149  135  122  111  103  101  106
  111  118  133  159  193  227  265  311  365
     7.5-180.0 180.0   5.0 450.0                            LAT/LON1/LON2/DLON/H
  369  427  490  547  591  622  652  690  738  787  821  832  839  859  889  911
  908  873  815  765  745  748  765  787  797  782  745  691  632  585  561  553
  549  531  492  437  382  343  319  296  266  235  207  183  171  175  192  216
  239  256  265  262  247  225  200  179  164  152  139  125  114  106  104  108
  115  124  141  171  206  241  277  318  369
     5.0-180.0 180.0   5.0 450.0                            LAT/LON1/LON2/DLON/H
  370  424  484  541  588  622  651  686  734  789  831  850  863  889  926  958
  968  942  888  839  815  806  799  791  773  739  697  649  602  568  552  547
  541  520  483  437  395  368  350  328  292  251  209  174  158  165  188  217
  244  263  272  266  246  219  192  173  165  158  145  130  118  111  109  113
  120  131  150  181  217  252  286  324  370
     2.5-180.0 180.0   5.0 450.0                            LAT/LON1/LON2/DLON/H
  370  421  477  533  580  613  637  663  702  751  794  820  841  876  922  968
  994  981  936  893  868  848  818  781  739  691  649  613  583  567  563  563
  557  534  497  456  422  402  387  364  326  280  233  195  183  195  219  245
  267  281  285  273  247  216  188  172  169  166  154  137  125  117  116  119
  127  140  160  190  225  258  291  327  370
