data/inha_roof/JPL0OPSFIN_20250790000_01D_02H_GIM.INX
     1.0            IONOSPHERE MAPS     GPS                 IONEX VERSION / TYPE
GIM V3.0            JPL - GNISD         23-mar-2025 01:55   PGM / RUN BY / DATE 
JPLS GLOBAL IONOSPHERE MAPS YEAR  2025 DAY 079              COMMENT             
JPL's Global Ionospheric Maps (GIM) are generated on a      DESCRIPTION         
daily basis using data from GNSS sites from various         DESCRIPTION         
networks (including IGS, GDGPS, and NASA in particular).    DESCRIPTION         
See https://doi.org/10.1007/s00190-024-01860-3 for details. DESCRIPTION         
The vertical TEC is modeled in a solar-geomagnetic          DESCRIPTION         
reference frame using bi-cubic splines on a spherical grid. DESCRIPTION         
A Kalman filter is used to solve simultaneously for         DESCRIPTION         
instrumental biases and VTEC on the grid (as stochastic     DESCRIPTION         
parameters). The maps presented here are in the Earth-fixed DESCRIPTION         
reference frame.                                            DESCRIPTION         
The DCB are defined based on the GPS L1 and L2 frequencies. DESCRIPTION         
This product incorporates a 2 TECU offset, simply added to  DESCRIPTION         
all grid points as a constant.                              DESCRIPTION         
As per https://doi.org/10.1007/s00190-024-01860-3, the RMS  DESCRIPTION         
maps represent an upper bound of the Kalman filter formal   DESCRIPTION         
error; due to the choice of basis functions, this upper     DESCRIPTION         
bound is overestimated above 60 degrees of magnetic         DESCRIPTION         
latitude and should thus be carefully considered over these DESCRIPTION         
regions.                                                    DESCRIPTION         
Contact Address: camille.martire@jpl.nasa.gov               DESCRIPTION         
                 panagiotis.vergados@jpl.nasa.gov           DESCRIPTION         
  2025     3    20     0     0     0                        EPOCH OF FIRST MAP  
  2025     3    21     0     0     0                        EPOCH OF LAST MAP   
  7200                                                      INTERVAL            
    13                                                      # OF MAPS IN FILE   
  EXTSLAB (HT0=100KM, HT1=300KM, HT2=600KM, HT3=2000KM)     MAPPING FUNCTION    
    10.0                                                    ELEVATION CUTOFF    
One-way carrier phase leveled to code.                      OBSERVABLES USED    
   250                                                      # OF STATIONS       
  6371.0                                                    BASE RADIUS         
     2                                                      MAP DIMENSION       
   450.0 450.0   0.0                                        HGT1 / HGT2 / DHGT  
    87.5 -87.5  -2.5                                        LAT1 / LAT2 / DLAT  
  -180.0 180.0   5.0                                        LON1 / LON2 / DLON  
    -1                                                      EXPONENT            
TEC/RMS unit: 10^(exponent) TECU.                           COMMENT             
DCB     unit: nanosecond.                                   COMMENT             
                                                            END OF HEADER       
[from data line 2574]
     7                                                      START OF TEC MAP    
  2025     3    20    12     0     0                        EPOCH OF CURRENT MAP
    87.5-180.0 180.0   5.0 450.0                            LAT/LON1/LON2/DLON/H
  255  253  251  249  247  245  243  242  241  240  240  239  239  239  239  240
  241  242  243  244  246  248  250  252  254  256  258  260  262  264  266  268
  270  272  273  275  276  278  279  280  281  282  283  284  284  285  285  286
  286  286  286  286  286  286  286  285  285  284  282  282  280  279  277  276
  273  271  269  266  265  262  260  258  255
    85.0-180.0 180.0   5.0 450.0                            LAT/LON1/LON2/DLON/H
  248  243  238  234  229  225  222  219  216  214  212  211  210  211  212  214
  216  218  221  224  228  232  236  240  244  249  254  258  262  266  271  274
  278  281  284  286  289  292  292  294  296  296  296  298  298  299  299  300
  301  301  302  302  302  303  303  302  302  302  300  299  296  294  291  288
  284  281  276  272  267  262  258  253  248
    82.5-180.0 180.0   5.0 450.0                            LAT/LON1/LON2/DLON/H
  244  237  230  223  216  210  204  199  194  190  188  186  186  186  188  190
  194  198  202  208  213  219  226  232  239  246  252  259  266  272  279  284
  289  295  299  302  306  307  309  310  310  310  310  310  309  309  309  309
  310  311  312  314  315  316  317  318  318  318  316  315  312  309  304  300
  296  290  284  279  272  265  259  251  244
    80.0-180.0 180.0   5.0 450.0                            LAT/LON1/LON2/DLON/H
  243  234  226  217  209  200  193  186  179  174  170  167  166  166  169  173
  177  183  189  196  203  211  220  228  236  245  253  262  270  278  286  293
  300  306  312  317  320  323  325  325  326  324  323  321  320  319  318  319
  320  321  322  325  327  329  330  332  332  332  330  328  324  320  314  309
  303  296  290  282  275  267  259  251  243
    77.5-180.0 180.0   5.0 450.0                            LAT/LON1/LON2/DLON/H
  240  232  223  214  204  196  186  177  169  162  157  154  152  153  156  161
  166  174  182  190  200  209  218  227  236  246  255  264  272  281  289  298
  305  312  319  325  330  334  336  338  338  337  335  333  331  330  330  330
  331  333  336  339  342  344  346  346  345  343  340  336  330  324  317  310
  302  295  286  279  272  264  256  248  240
    75.0-180.0 180.0   5.0 450.0                            LAT/LON1/LON2/DLON/H
  233  226  218  210  201  192  182  173  164  156  150  146  144  146  149  154
  162  171  180  190  200  210  221  230  240  249  258  266  274  282  290  297
  304  311  318  325  331  336  341  344  346  346  344  343  342  341  342  344
  347  350  354  358  360  362  362  360  356  352  345  338  329  320  310  300
  290  280  272  265  258  250  245  239  233
    72.5-180.0 180.0   5.0 450.0                            LAT/LON1/LON2/DLON/H
  216  212  208  202  195  186  179  169  161  153  147  143  142  142  146  153
  161  171  182  193  204  214  225  235  245  254  260  268  274  281  286  292
  297  304  310  318  325  333  339  344  348  349  349  348  350  352  355  360
  366  372  377  380  382  381  379  373  366  356  346  334  320  308  295  282
  270  258  248  240  233  227  223  219  216
    70.0-180.0 180.0   5.0 450.0                            LAT/LON1/LON2/DLON/H
  190  189  188  186  183  178  172  164  157  150  145  142  141  143  146  153
  162  172  184  195  206  218  230  240  249  256  263  268  272  275  279  282
  286  292  300  308  317  326  335  342  346  350  351  352  355  360  366  375
  385  393  400  403  403  400  393  383  370  355  339  322  306  290  273  258
  243  229  218  208  201  196  193  191  190
    67.5-180.0 180.0   5.0 450.0                            LAT/LON1/LON2/DLON/H
  160  161  163  164  163  161  158  154  149  144  142  141  141  143  147  154
  162  173  184  196  207  220  231  241  250  257  262  265  266  267  268  270
  274  280  288  298  310  320  331  340  345  349  352  354  358  366  376  389
  401  412  419  422  420  413  401  385  366  346  325  305  286  267  249  230
  214  198  184  173  166  161  158  159  160
    65.0-180.0 180.0   5.0 450.0                            LAT/LON1/LON2/DLON/H
  130  133  137  139  140  140  139  136  135  135  135  136  138  142  147  152
  161  170  181  192  204  216  228  239  248  254  258  259  260  259  258  259
  262  270  280  294  307  321  332  342  348  351  354  356  362  372  385  400
  414  425  432  433  429  419  402  380  355  329  305  282  262  242  224  204
  186  169  154  142  132  127  125  126  130
    62.5-180.0 180.0   5.0 450.0                            LAT/LON1/LON2/DLON/H
  105  110  114  117  118  117  116  116  117  119  123  127  132  137  142  148
  157  165  174  186  197  210  222  234  243  250  254  256  254  253  252  252
  256  266  279  296  313  329  341  350  356  359  360  364  370  381  396  410
  424  434  439  439  432  418  398  371  341  311  282  259  239  220  202  183
  164  146  129  115  105   99   98  100  105
    60.0-180.0 180.0   5.0 450.0                            LAT/LON1/LON2/DLON/H
   91   98  101  102  100   98   96   94   96  101  107  114  122  129  134  142
  150  158  167  178  190  203  216  229  240  249  254  256  256  254  252  253
  258  269  286  305  325  343  356  365  370  373  374  378  385  396  410  423
  434  441  444  440  432  416  393  364  330  296  266  243  223  206  189  170
  150  131  113   98   87   81   80   85   91
    57.5-180.0 180.0   5.0 450.0                            LAT/LON1/LON2/DLON/H
   90   97  100   97   91   85   80   78   79   84   92  100  109  116  124  132
  140  149  159  171  184  198  213  228  241  253  262  266  268  266  264  264
  269  280  298  320  343  363  378  388  393  394  395  398  405  415  427  438
  446  448  448  443  433  416  393  362  327  292  262  239  221  204  188  169
  148  127  107   91   78   72   74   81   90
    55.0-180.0 180.0   5.0 450.0                            LAT/LON1/LON2/DLON/H
   99  107  109  103   94   84   74   70   69   73   80   89   97  106  113  121
  130  140  152  166  182  198  215  233  250  267  281  289  290  288  285  284
  287  298  316  339  364  386  404  416  421  422  422  423  429  438  448  455
  459  458  454  448  438  423  402  372  339  305  276  254  236  220  202  181
  158  136  114   96   82   76   78   88   99
    52.5-180.0 180.0   5.0 450.0                            LAT/LON1/LON2/DLON/H
  117  126  126  118  106   92   81   73   70   72   76   83   90   97  104  111
  120  132  148  164  184  204  224  244  266  289  308  319  321  318  313  310
  312  320  336  360  386  411  432  446  453  454  452  451  454  460  467  473
  474  470  466  458  450  438  419  393  363  332  305  284  266  249  229  208
  183  158  134  114   98   91   93  104  117
    50.0-180.0 180.0   5.0 450.0                            LAT/LON1/LON2/DLON/H
  140  147  146  137  123  108   95   86   81   81   83   87   91   94   98  104
  113  126  144  167  190  213  236  260  287  315  339  353  356  351  345  340
  339  344  358  382  409  437  461  479  487  488  483  478  476  480  485  488
  488  485  480  474  467  456  440  417  390  362  338  318  300  282  262  239
  214  189  164  142  126  116  118  128  140
    47.5-180.0 180.0   5.0 450.0                            LAT/LON1/LON2/DLON/H
  164  170  169  158  144  129  114  104   99   98   99  100  101  100   99  102
  110  124  146  171  198  225  251  279  310  343  370  385  388  384  377  372
  368  370  382  405  434  465  492  512  522  520  512  502  496  496  500  503
  503  500  495  490  484  474  459  438  412  387  364  346  329  310  290  267
  243  220  196  175  158  148  147  154  164
    45.0-180.0 180.0   5.0 450.0                            LAT/LON1/LON2/DLON/H
  187  191  189  180  166  150  136  126  120  119  120  119  116  111  106  104
  110  125  148  176  206  236  267  299  332  368  396  411  414  410  405  401
  398  399  410  432  463  496  526  546  556  552  540  526  517  514  515  517
  518  515  510  505  498  487  470  448  422  396  374  356  340  323  304  284
  264  244  225  205  189  178  175  179  187
    42.5-180.0 180.0   5.0 450.0                            LAT/LON1/LON2/DLON/H
  204  209  206  199  185  170  155  144  139  139  140  140  135  126  116  110
  113  128  153  183  215  248  282  316  353  388  415  430  433  431  430  430
  429  431  442  465  498  533  564  585  592  586  572  555  542  536  534  535
  534  530  524  517  508  494  473  445  415  386  362  345  331  316  299  284
  268  255  241  226  213  202  198  200  204
    40.0-180.0 180.0   5.0 450.0                            LAT/LON1/LON2/DLON/H
  215  219  219  213  201  186  171  159  154  154  158  158  153  141  127  117
  119  134  159  189  223  258  295  332  370  403  429  442  446  448  452  457
  461  466  479  505  540  578  608  628  635  629  613  595  579  568  563  559
  554  545  536  528  518  500  474  440  405  372  347  330  318  303  288  275
  264  256  246  236  224  215  210  211  215
    37.5-180.0 180.0   5.0 450.0                            LAT/LON1/LON2/DLON/H
  216  222  225  221  212  197  182  170  163  164  170  172  167  154  137  124
  125  140  165  196  230  266  306  346  383  416  438  451  456  462  472  484
  494  504  523  554  592  632  664  684  690  683  669  650  632  617  605  594
  580  566  555  546  536  517  488  450  412  376  351  334  320  304  289  276
  267  260  253  242  231  220  213  212  216
    35.0-180.0 180.0   5.0 450.0                            LAT/LON1/LON2/DLON/H
  214  219  223  222  216  204  190  177  169  170  176  180  175  162  144  131
  132  146  171  202  236  273  315  356  393  424  445  458  466  476  492  510
  527  546  572  609  655  698  732  753  760  756  744  726  704  682  662  642
  622  602  586  577  569  554  528  491  452  418  395  377  359  339  320  304
  293  284  272  259  244  229  218  212  214
    32.5-180.0 180.0   5.0 450.0                            LAT/LON1/LON2/DLON/H
  216  216  217  217  214  208  196  183  174  174  180  184  179  166  148  136
  137  152  177  206  241  279  321  363  400  430  450  465  476  492  514  538
  564  592  626  672  725  775  815  838  849  848  837  816  791  763  736  710
  682  657  638  630  628  622  604  575  542  516  497  479  454  425  398  376
  358  340  320  300  279  256  236  222  216
    30.0-180.0 180.0   5.0 450.0                            LAT/LON1/LON2/DLON/H
  234  223  218  214  213  210  203  190  179  177  182  184  180  166  151  140
  142  157  182  212  246  284  326  367  404  434  456  473  490  512  540  571
  604  640  686  742  804  864  910  937  949  948  937  914  884  853  824  796
  766  738  717  709  715  722  717  698  674  657  645  626  594  555  521  493
  466  437  407  377  346  314  282  254  234
    27.5-180.0 180.0   5.0 450.0                            LAT/LON1/LON2/DLON/H
  278  250  232  222  218  217  212  199  187  182  184  185  178  166  151  141
  144  160  185  216  250  288  329  369  406  437  463  485  510  539  574  610
  650  695  750  818  890  958 1008 1035 1046 1045 1032 1008  977  948  925  901
  873  842  817  806  816  835  843  833  816  807  800  780  740  693  655  625
  594  558  522  488  452  411  366  319  278
    25.0-180.0 180.0   5.0 450.0                            LAT/LON1/LON2/DLON/H
  354  304  271  249  238  233  226  213  198  189  186  183  176  163  150  142
  145  161  187  220  255  292  332  372  409  443  474  504  537  575  618  660
  704  755  818  894  974 1047 1096 1120 1127 1124 1113 1090 1062 1042 1030 1014
  988  955  922  905  915  941  957  951  938  930  924  900  852  802  764  737
  708  674  640  608  576  535  482  419  354
    22.5-180.0 180.0   5.0 450.0                            LAT/LON1/LON2/DLON/H
  450  382  335  301  276  261  249  231  212  198  189  182  172  160  147  140
  143  160  188  223  260  298  337  375  413  452  491  531  575  622  672  718
  764  817  884  964 1048 1118 1162 1177 1177 1174 1167 1150 1131 1122 1122 1117
 1094 1056 1016  990  995 1020 1036 1027 1006  990  974  944  893  844  812  796
  780  758  737  717  694  659  606  532  450
    20.0-180.0 180.0   5.0 450.0                            LAT/LON1/LON2/DLON/H
  546  468  414  371  332  302  279  255  231  210  194  182  170  157  145  138
  141  157  188  226  267  306  344  380  421  466  516  566  620  677  732  780
  824  876  943 1023 1102 1164 1193 1194 1188 1190 1194 1190 1180 1180 1192 1194
 1171 1130 1081 1044 1040 1056 1061 1038 1001  966  933  891  839  796  774  774
  781  785  788  790  784  762  714  638  546
    17.5-180.0 180.0   5.0 450.0                            LAT/LON1/LON2/DLON/H
  623  546  493  446  394  348  315  284  254  224  202  184  169  156  144  138
  139  155  188  231  274  314  352  390  433  486  545  607  670  733  791  839
  880  927  991 1065 1133 1178 1190 1179 1172 1182 1201 1208 1205 1211 1226 1228
 1204 1159 1107 1065 1051 1054 1043 1002  943  883  827  773  722  685  672  686
  717  752  784  809  822  817  784  713  623
    15.0-180.0 180.0   5.0 450.0                            LAT/LON1/LON2/DLON/H
  665  602  558  510  450  393  350  315  279  243  212  188  170  158  148  141
  142  157  191  237  283  325  363  402  449  509  578  648  718  785  843  888
  924  965 1023 1088 1141 1168 1164 1147 1142 1164 1195 1209 1207 1208 1217 1216
 1192 1150 1102 1062 1041 1032 1004  945  862  775  696  632  585  555  548  572
  624  687  743  785  810  816  796  740  665
    12.5-180.0 180.0   5.0 450.0                            LAT/LON1/LON2/DLON/H
  668  624  594  554  492  428  380  343  302  261  224  194  175  164  156  151
  150  164  199  245  293  336  376  416  469  535  612  688  761  827  882  923
  953  989 1039 1095 1134 1146 1133 1114 1115 1146 1185 1198 1189 1179 1179 1173
 1153 1122 1084 1050 1028 1009  969  891  787  677  580  512  470  446  441  469
  536  620  690  740  769  778  765  724  668
    10.0-180.0 180.0   5.0 450.0                            LAT/LON1/LON2/DLON/H
  648  620  602  569  510  448  402  364  321  276  234  201  182  174  170  166
  166  179  212  256  304  348  390  436  493  565  645  723  794  856  906  941
  968  999 1044 1090 1119 1122 1109 1098 1108 1144 1178 1183 1162 1140 1131 1123
 1110 1090 1067 1042 1024 1005  958  867  747  622  518  452  420  403  393  416
  488  578  650  694  717  724  715  687  648
     7.5-180.0 180.0   5.0 450.0                            LAT/LON1/LON2/DLON/H
  626  608  595  564  509  452  410  374  332  286  242  208  189  184  185  184
  186  198  228  270  316  360  407  458  520  596  675  750  818  874  917  947
  970  998 1037 1077 1102 1108 1104 1106 1123 1154 1177 1168 1138 1108 1093 1087
 1082 1076 1065 1052 1043 1028  980  880  746  615  514  459  442  430  416  433
  500  586  643  668  676  676  668  650  626
     5.0-180.0 180.0   5.0 450.0                            LAT/LON1/LON2/DLON/H
  616  601  585  552  500  447  408  374  333  288  244  211  194  194  198  201
  204  218  244  282  327  373  424  481  548  624  700  770  830  879  916  941
  962  987 1021 1058 1086 1101 1114 1128 1148 1171 1178 1159 1124 1095 1084 1083
 1086 1087 1082 1077 1074 1064 1018  913  773  642  551  512  510  505  486  495
  556  630  667  667  660  654  646  633  616
     2.5-180.0 180.0   5.0 450.0                            LAT/LON1/LON2/DLON/H
  635  612  585  545  491  440  403  369  329  284  244  212  198  199  206  212
  219  233  258  293  337  385  440  503  572  646  716  778  830  873  904  926
  945  967  998 1034 1067 1095 1124 1150 1171 1184 1180 1157 1128 1110 1107 1111
 1114 1112 1108 1104 1104 1100 1058  952  812  689  612  589  597  596  574  575
  627  688  702  678  661  657  657  650  635
