data/inha_roof/JPL0OPSFIN_20250790000_01D_02H_GIM.INX
     1.0            IONOSPHERE MAPS     GPS                 IONEX VERSION / TYPE
GIM V3.0            JPL - GNISD         23-mar-2025 01:55   PGM / RUN BY / DATE 
JPLS GLOBAL IONOSPHERE MAPS YEAR  2025 DAY 079              COMMENT             
JPL's Global Ionospheric Maps (GIM) are generated on a      DESCRIPTION         
daily basis using data from GNSS sites from various         DESCRIPTION         
networks (including IGS, GDGPS, and NASA in particular).    DESCRIPTION         
See https://doi.org/10.1007/s00190-024-01860-3 for details. DESCRIPTION         
The vertical TEC is modeled in a solar-geomagnetic          DESCRIPTION         
reference frame using bi-cubic splines on a spherical grid. DESCRIPTION         
A Kalman filter is used to solve simultaneously for         DESCRIPTION         
instrumental biases and VTEC on the grid (as stochastic     DESCRIPTION         
parameters). The maps presented here are in the Earth-fixed DESCRIPTION         
reference frame.                                            DESCRIPTION         
The DCB are defined based on the GPS L1 and L2 frequencies. DESCRIPTION         
This product incorporates a 2 TECU offset, simply added to  DESCRIPTION         
all grid points as a constant.                              DESCRIPTION         
As per https://doi.org/10.1007/s00190-024-01860-3, the RMS  DESCRIPTION         
maps represent an upper bound of the Kalman filter formal   DESCRIPTION         
error; due to the choice of basis functions, this upper     DESCRIPTION         
bound is overestimated above 60 degrees of magnetic         DESCRIPTION         
latitude and should thus be carefully considered over these DESCRIPTION         
regions.                                                    DESCRIPTION         
Contact Address: camille.martire@jpl.nasa.gov               DESCRIPTION         
                 panagiotis.vergados@jpl.nasa.gov           DESCRIPTION         
  2025     3    20     0     0     0                        EPOCH OF FIRST MAP  
  2025     3    21     0     0     0                        EPOCH OF LAST MAP   
  7200                                                      INTERVAL            
    13                                                      # OF MAPS IN FILE   
  EXTSLAB (HT0=100KM, HT1=300KM, HT2=600KM, HT3=2000KM)     MAPPING FUNCTION    
    10.0                                                    ELEVATION CUTOFF    
One-way carrier phase leveled to code.                      OBSERVABLES USED    
   250                                                      # OF STATIONS       
  6371.0                                                    BASE RADIUS         
     2                                                      MAP DIMENSION       
   450.0 450.0   0.0                                        HGT1 / HGT2 / DHGT  
    87.5 -87.5  -2.5                                        LAT1 / LAT2 / DLAT  
  -180.0 180.0   5.0                                        LON1 / LON2 / DLON  
    -1                                                      EXPONENT            
TEC/RMS unit: 10^(exponent) TECU.                           COMMENT             
DCB     unit: nanosecond.                                   COMMENT             
                                                            END OF HEADER       
[from data line 4719]
    12                                                      START OF TEC MAP    
  2025     3    20    22     0     0                        EPOCH OF CURRENT MAP
    87.5-180.0 180.0   5.0 450.0                            LAT/LON1/LON2/DLON/H
  285  287  289  291  292  294  296  298  300  302  303  304  306  308  309  310
  310  311  311  312  312  312  312  311  311  310  309  308  306  304  304  302
  300  298  296  294  292  290  288  286  284  282  280  278  276  275  273  272
  271  270  269  268  268  267  267  267  267  268  268  269  269  270  271  272
  273  275  276  278  279  280  282  284  285
    85.0-180.0 180.0   5.0 450.0                            LAT/LON1/LON2/DLON/H
  288  291  294  298  302  305  309  312  316  320  323  326  329  332  334  336
  338  339  340  340  340  340  339  338  336  335  333  331  329  326  324  320
  317  313  309  305  300  296  292  286  282  278  274  270  267  264  260  259
  256  255  254  253  252  252  252  252  253  254  255  256  258  260  262  264
  266  268  270  273  276  279  282  285  288
    82.5-180.0 180.0   5.0 450.0                            LAT/LON1/LON2/DLON/H
  291  296  301  306  311  316  322  328  334  340  345  350  355  358  362  364
  366  366  366  366  365  364  362  360  358  356  354  351  348  345  341  337
  332  327  321  315  309  302  295  288  280  274  268  262  256  252  248  244
  242  240  239  238  238  238  239  239  241  242  244  246  250  252  255  258
  261  264  268  271  275  279  282  286  291
    80.0-180.0 180.0   5.0 450.0                            LAT/LON1/LON2/DLON/H
  293  298  304  310  317  325  332  340  348  357  366  373  379  384  388  390
  390  390  388  386  382  378  375  371  368  366  363  360  358  355  352  347
  342  336  330  322  314  304  295  285  275  266  258  250  244  238  233  230
  227  226  225  224  224  224  226  228  230  232  234  238  241  245  249  253
  257  262  266  270  275  279  283  288  293
    77.5-180.0 180.0   5.0 450.0                            LAT/LON1/LON2/DLON/H
  293  299  304  311  319  327  336  347  358  369  380  390  400  406  410  411
  410  406  400  393  386  378  371  366  361  358  355  354  352  350  347  344
  340  335  328  319  310  300  289  278  266  255  246  236  229  223  218  214
  213  212  211  211  212  213  214  216  218  220  224  228  232  236  241  246
  252  257  262  268  273  278  282  288  293
    75.0-180.0 180.0   5.0 450.0                            LAT/LON1/LON2/DLON/H
  294  299  304  310  317  326  336  348  362  377  392  406  417  425  429  428
  423  414  402  389  376  364  353  345  339  334  332  330  329  329  327  325
  322  316  310  303  295  285  274  263  251  240  229  220  213  207  203  201
  199  199  200  200  201  202  203  204  206  208  210  214  219  225  231  237
  244  251  258  265  270  277  282  288  294
    72.5-180.0 180.0   5.0 450.0                            LAT/LON1/LON2/DLON/H
  296  300  304  309  314  323  334  347  364  382  401  418  432  440  443  438
  429  415  398  379  360  344  329  318  310  305  302  299  298  296  295  292
  288  284  280  274  268  260  251  241  230  219  209  201  195  191  189  188
  188  188  190  190  190  190  191  191  191  193  195  200  204  212  219  227
  236  244  254  262  270  278  284  291  296
    70.0-180.0 180.0   5.0 450.0                            LAT/LON1/LON2/DLON/H
  303  307  310  312  316  322  332  347  366  388  409  429  444  453  454  448
  435  416  395  372  349  328  310  296  287  281  275  270  264  260  256  252
  247  244  240  236  233  228  222  214  205  196  188  180  176  175  174  176
  176  179  180  180  180  179  178  176  176  176  179  184  190  198  208  219
  230  240  252  262  272  282  291  297  303
    67.5-180.0 180.0   5.0 450.0                            LAT/LON1/LON2/DLON/H
  316  320  322  323  324  328  336  350  370  394  418  439  455  464  465  459
  445  426  402  376  350  327  307  292  281  272  262  252  240  229  220  213
  207  203  200  198  196  194  190  185  178  170  164  160  157  158  160  162
  164  167  168  168  166  165  162  161  159  159  161  166  174  186  199  213
  227  242  255  268  281  292  302  310  316
    65.0-180.0 180.0   5.0 450.0                            LAT/LON1/LON2/DLON/H
  336  340  342  340  338  339  345  358  378  402  427  449  466  476  478  473
  461  444  422  397  372  349  328  311  297  284  269  250  230  211  194  182
  174  169  166  166  166  166  164  159  153  146  142  139  139  141  144  148
  151  153  152  152  150  147  144  141  140  140  142  150  161  176  193  212
  230  248  265  280  294  308  320  330  336
    62.5-180.0 180.0   5.0 450.0                            LAT/LON1/LON2/DLON/H
  362  366  366  362  357  355  359  370  388  410  435  456  475  486  492  490
  483  469  451  430  408  386  367  349  332  314  292  266  236  208  184  166
  155  149  147  147  148  147  144  140  134  128  123  121  123  126  130  133
  136  136  136  134  131  128  125  123  122  123  126  136  150  170  193  216
  239  261  281  299  315  329  342  353  362
    60.0-180.0 180.0   5.0 450.0                            LAT/LON1/LON2/DLON/H
  390  395  394  389  382  376  376  385  400  420  442  463  480  495  504  508
  506  497  484  467  449  431  413  395  375  353  326  294  257  222  191  170
  156  149  144  142  141  139  136  130  124  117  113  111  112  114  118  120
  121  121  119  117  114  112  110  108  108  110  116  127  146  169  196  226
  253  278  302  322  339  355  369  380  390
    57.5-180.0 180.0   5.0 450.0                            LAT/LON1/LON2/DLON/H
  421  426  427  421  412  404  402  406  418  434  450  468  485  500  512  521
  524  520  512  500  487  472  456  438  418  393  364  328  288  249  216  191
  174  162  155  150  145  141  135  129  123  116  111  108  107  108  110  111
  111  110  108  107  104  104  102  102  102  105  112  126  147  175  206  239
  271  299  325  347  366  384  398  410  421
    55.0-180.0 180.0   5.0 450.0                            LAT/LON1/LON2/DLON/H
  455  463  464  458  447  438  433  435  442  452  464  476  490  505  519  530
  536  535  529  520  510  499  485  469  448  425  396  362  324  285  250  222
  202  186  173  163  155  148  142  137  131  124  118  113  110  109  109  109
  108  107  106  106  106  107  107  107  107  111  119  134  157  187  221  256
  290  320  347  372  394  413  429  443  455
    52.5-180.0 180.0   5.0 450.0                            LAT/LON1/LON2/DLON/H
  492  502  504  499  489  479  473  473  475  479  482  488  498  510  525  536
  542  542  536  526  518  509  498  484  467  446  421  392  357  320  286  256
  230  210  192  177  166  160  155  150  144  138  131  124  119  116  114  114
  114  114  116  118  121  123  124  123  124  126  135  150  174  205  240  275
  308  340  369  396  420  442  460  477  492
    50.0-180.0 180.0   5.0 450.0                            LAT/LON1/LON2/DLON/H
  530  542  548  545  537  528  522  520  518  515  510  509  511  520  532  543
  548  545  536  526  516  508  500  489  476  460  440  414  383  349  314  281
  251  225  203  186  175  171  169  166  161  156  148  140  133  129  128  129
  130  132  136  140  144  147  148  147  145  147  155  170  194  225  260  294
  326  357  388  417  445  470  493  512  530
    47.5-180.0 180.0   5.0 450.0                            LAT/LON1/LON2/DLON/H
  570  586  594  594  589  582  577  574  569  559  547  536  532  536  545  553
  556  548  536  522  512  505  499  493  484  470  453  430  400  364  326  291
  258  230  206  190  182  181  181  181  178  172  164  155  149  146  146  148
  150  154  158  164  170  174  173  170  167  168  174  190  214  245  279  312
  343  373  405  437  469  499  526  550  570
    45.0-180.0 180.0   5.0 450.0                            LAT/LON1/LON2/DLON/H
  612  630  641  646  645  641  636  632  623  608  588  570  560  558  563  570
  569  558  539  522  510  505  503  500  495  484  465  439  405  365  324  286
  255  229  208  195  190  191  194  194  190  184  176  169  164  162  164  166
  170  174  180  186  192  194  193  189  184  184  190  206  230  260  294  327
  357  387  420  455  490  525  558  586  612
    42.5-180.0 180.0   5.0 450.0                            LAT/LON1/LON2/DLON/H
  651  674  688  698  703  703  699  692  678  658  632  608  592  585  587  591
  588  575  550  529  518  515  516  518  515  502  478  446  404  358  315  280
  253  232  216  206  204  205  207  206  201  194  186  181  177  176  177  180
  183  186  192  198  203  205  203  198  193  192  198  213  238  271  305  339
  369  400  434  471  510  550  587  622  651
    40.0-180.0 180.0   5.0 450.0                            LAT/LON1/LON2/DLON/H
  689  716  736  751  761  764  760  750  732  706  675  646  625  614  613  616
  612  596  568  544  532  532  538  542  540  524  494  453  405  356  313  282
  263  250  241  233  228  226  223  218  211  203  196  191  187  186  184  184
  185  189  194  199  204  206  204  199  195  193  199  214  242  276  312  347
  380  412  448  487  528  571  615  655  689
    37.5-180.0 180.0   5.0 450.0                            LAT/LON1/LON2/DLON/H
  724  756  781  801  815  821  817  804  781  751  717  684  659  645  640  641
  638  619  590  565  554  555  562  568  565  546  510  465  414  366  328  306
  297  294  290  279  266  254  244  234  224  214  208  201  195  189  183  181
  181  184  189  194  199  201  200  196  192  191  196  212  240  277  316  353
  388  422  459  500  542  589  637  684  724
    35.0-180.0 180.0   5.0 450.0                            LAT/LON1/LON2/DLON/H
  758  794  822  846  863  871  867  853  828  795  758  723  694  675  667  666
  662  644  616  590  578  577  583  589  586  565  528  483  438  398  371  360
  360  362  356  339  315  292  272  256  242  231  223  214  203  192  183  178
  177  180  185  190  194  195  193  190  187  186  191  208  237  276  316  356
  394  430  469  509  554  602  657  711  758
    32.5-180.0 180.0   5.0 450.0                            LAT/LON1/LON2/DLON/H
  789  831  861  884  900  910  910  898  873  840  802  765  733  708  695  690
  684  668  642  618  602  596  596  600  595  576  545  509  478  453  439  435
  440  442  432  406  370  336  308  286  269  255  244  231  216  202  191  185
  184  186  189  192  192  191  189  186  183  182  186  203  233  272  316  358
  398  436  474  515  560  613  674  735  789
    30.0-180.0 180.0   5.0 450.0                            LAT/LON1/LON2/DLON/H
  822  868  900  920  932  941  946  938  918  887  850  813  778  747  727  717
  709  694  672  648  629  613  604  600  596  582  561  540  527  520  518  519
  522  520  505  470  427  384  349  322  302  286  272  256  240  226  216  212
  210  210  208  204  199  193  188  184  181  180  184  199  228  268  313  358
  400  438  476  516  563  620  688  759  822
    27.5-180.0 180.0   5.0 450.0                            LAT/LON1/LON2/DLON/H
  856  910  944  960  966  974  981  981  967  940  907  871  833  797  768  752
  740  725  705  682  658  631  611  603  598  591  580  573  578  589  597  599
  596  586  562  523  476  430  391  360  338  320  306  291  278  270  267  266
  261  253  242  227  212  200  190  185  181  178  181  195  223  263  310  356
  399  438  474  514  563  626  704  784  856
    25.0-180.0 180.0   5.0 450.0                            LAT/LON1/LON2/DLON/H
  896  958  997 1010 1012 1015 1024 1029 1020 1001  974  941  901  860  825  799
  781  763  743  720  690  657  628  616  614  610  605  608  626  650  662  660
  646  625  595  557  514  469  428  395  372  358  346  335  330  335  340  339
  326  306  280  253  228  208  195  186  180  176  179  191  218  259  307  356
  399  438  472  511  563  633  720  812  896
    22.5-180.0 180.0   5.0 450.0                            LAT/LON1/LON2/DLON/H
  938 1014 1061 1078 1077 1075 1081 1088 1086 1072 1050 1023  984  939  897  862
  835  810  786  763  733  695  664  650  650  648  642  644  666  694  706  693
  667  636  603  570  534  493  451  419  400  393  388  384  390  407  420  416
  392  356  315  274  240  216  199  188  179  174  174  186  213  255  305  356
  400  438  473  512  568  644  738  840  938
    20.0-180.0 180.0   5.0 450.0                            LAT/LON1/LON2/DLON/H
  978 1068 1129 1157 1160 1156 1158 1163 1164 1156 1141 1117 1079 1032  982  940
  902  867  836  812  784  750  724  714  715  710  692  679  693  718  722  697
  658  620  587  561  532  495  456  426  419  424  427  428  443  470  488  478
  440  388  334  286  247  220  202  189  177  170  170  181  208  252  305  357
  403  443  480  522  580  660  760  872  978
    17.5-180.0 180.0   5.0 450.0                            LAT/LON1/LON2/DLON/H
 1012 1110 1185 1228 1245 1245 1245 1252 1257 1254 1243 1222 1186 1135 1080 1028
  979  933  894  868  846  821  802  796  797  783  744  707  703  715  707  670
  620  577  548  531  509  476  441  422  428  446  457  460  477  509  528  509
  456  391  330  282  246  221  203  188  174  165  164  176  204  251  307  360
  408  452  495  542  602  684  785  900 1012
    15.0-180.0 180.0   5.0 450.0                            LAT/LON1/LON2/DLON/H
 1032 1131 1215 1276 1308 1318 1324 1337 1352 1360 1355 1337 1300 1247 1186 1124
 1065 1008  963  937  919  902  888  884  880  851  786  720  690  683  658  606
  549  506  489  484  473  448  423  417  435  461  473  471  483  512  527  500
  438  369  311  268  239  220  203  186  172  161  159  171  200  250  309  365
  415  464  515  569  634  714  813  923 1032
    12.5-180.0 180.0   5.0 450.0                            LAT/LON1/LON2/DLON/H
 1032 1118 1201 1276 1328 1356 1373 1397 1428 1450 1457 1446 1416 1362 1296 1226
 1157 1092 1044 1018 1003  987  973  963  947  897  806  709  650  618  572  508
  449  419  423  438  440  429  417  423  447  471  472  456  456  479  493  463
  400  333  284  252  233  220  205  186  169  157  154  166  197  250  312  370
  422  477  537  600  668  748  841  940 1032
    10.0-180.0 180.0   5.0 450.0                            LAT/LON1/LON2/DLON/H
 1017 1077 1144 1218 1286 1336 1372 1412 1459 1500 1526 1530 1511 1464 1398 1323
 1251 1186 1138 1112 1094 1072 1046 1018  981  907  790  668  582  523  462  394
  345  338  370  412  434  438  440  455  476  482  458  424  412  429  441  413
  355  298  261  241  231  222  206  186  166  155  153  164  195  250  314  374
  428  488  556  627  700  778  864  948 1017
     7.5-180.0 180.0   5.0 450.0                            LAT/LON1/LON2/DLON/H
  994 1023 1063 1125 1193 1255 1306 1358 1422 1486 1536 1563 1563 1531 1472 1401
 1332 1273 1234 1211 1186 1148 1100 1047  980  881  747  610  506  429  358  296
  266  286  352  424  470  494  510  524  525  497  444  391  368  380  390  366
  320  278  254  243  238  228  210  185  165  154  152  162  194  249  315  376
  432  495  568  646  723  802  883  952  994
     5.0-180.0 180.0   5.0 450.0                            LAT/LON1/LON2/DLON/H
  972  971  983 1024 1084 1146 1198 1244 1307 1386 1464 1523 1550 1541 1498 1440
 1384 1338 1310 1292 1261 1205 1132 1052  958  840  696  556  446  363  294  248
  243  294  392  493  562  599  616  616  586  520  437  370  342  348  356  339
  306  278  263  256  249  236  213  184  164  154  154  162  193  249  316  376
  434  497  572  652  734  817  896  953  972
     2.5-180.0 180.0   5.0 450.0                            LAT/LON1/LON2/DLON/H
  964  943  931  948  992 1044 1083 1108 1150 1224 1316 1397 1453 1474 1459 1424
 1388 1361 1349 1338 1302 1232 1140 1040  928  799  658  528  427  354  301  280
  304  380  496  610  686  723  730  708  647  550  446  375  348  350  348  330
  308  292  282  272  261  242  214  184  163  155  154  163  193  248  314  376
  432  495  569  650  735  822  902  956  964
