data/inha_roof/JPL0OPSFIN_20250790000_01D_02H_GIM.INX
     1.0            IONOSPHERE MAPS     GPS                 IONEX VERSION / TYPE
GIM V3.0            JPL - GNISD         23-mar-2025 01:55   PGM / RUN BY / DATE 
JPLS GLOBAL IONOSPHERE MAPS YEAR  2025 DAY 079              COMMENT             
JPL's Global Ionospheric Maps (GIM) are generated on a      DESCRIPTION         
daily basis using data from GNSS sites from various         DESCRIPTION         
networks (including IGS, GDGPS, and NASA in particular).    DESCRIPTION         
See https://doi.org/10.1007/s00190-024-01860-3 for details. DESCRIPTION         
The vertical TEC is modeled in a solar-geomagnetic          DESCRIPTION         
reference frame using bi-cubic splines on a spherical grid. DESCRIPTION         
A Kalman filter is used to solve simultaneously for         DESCRIPTION         
instrumental biases and VTEC on the grid (as stochastic     DESCRIPTION         
parameters). The maps presented here are in the Earth-fixed DESCRIPTION         
reference frame.                                            DESCRIPTION         
The DCB are defined based on the GPS L1 and L2 frequencies. DESCRIPTION         
This product incorporates a 2 TECU offset, simply added to  DESCRIPTION         
all grid points as a constant.                              DESCRIPTION         
As per https://doi.org/10.1007/s00190-024-01860-3, the RMS  DESCRIPTION         
maps represent an upper bound of the Kalman filter formal   DESCRIPTION         
error; due to the choice of basis functions, this upper     DESCRIPTION         
bound is overestimated above 60 degrees of magnetic         DESCRIPTION         
latitude and should thus be carefully considered over these DESCRIPTION         
regions.                                                    DESCRIPTION         
Contact Address: camille.martire@jpl.nasa.gov               DESCRIPTION         
                 panagiotis.vergados@jpl.nasa.gov           DESCRIPTION         
  2025     3    20     0     0     0                        EPOCH OF FIRST MAP  
  2025     3    21     0     0     0                        EPOCH OF LAST MAP   
  7200                                                      INTERVAL            
    13                                                      # OF MAPS IN FILE   
  EXTSLAB (HT0=100KM, HT1=300KM, HT2=600KM, HT3=2000KM)     MAPPING FUNCTION    
    10.0                                                    ELEVATION CUTOFF    
One-way carrier phase leveled to code.                      OBSERVABLES USED    
   250                                                      # OF STATIONS       
  6371.0                                                    BASE RADIUS         
     2                                                      MAP DIMENSION       
   450.0 450.0   0.0                                        HGT1 / HGT2 / DHGT  
    87.5 -87.5  -2.5                                        LAT1 / LAT2 / DLAT  
  -180.0 180.0   5.0                                        LON1 / LON2 / DLON  
    -1                                                      EXPONENT            
TEC/RMS unit: 10^(exponent) TECU.                           COMMENT             
DCB     unit: nanosecond.                                   COMMENT             
                                                            END OF HEADER       
[from data line 1716]
     5                                                      START OF TEC MAP    
  2025     3    20     8     0     0                        EPOCH OF CURRENT MAP
    87.5-180.0 180.0   5.0 450.0                            LAT/LON1/LON2/DLON/H
  284  283  282  281  280  279  277  276  274  273  271  270  268  266  264  262
  261  260  259  256  256  254  254  254  253  254  254  255  256  256  258  260
  262  264  267  270  272  275  278  281  284  287  290  292  296  298  300  302
  303  304  306  306  306  307  306  306  306  304  304  302  302  300  299  296
  296  294  292  291  290  288  286  286  284
    85.0-180.0 180.0   5.0 450.0                            LAT/LON1/LON2/DLON/H
  278  276  276  275  275  274  274  272  270  269  266  262  260  256  252  248
  244  239  235  231  228  224  223  221  220  219  220  220  222  225  228  232
  236  240  246  253  259  266  272  280  287  294  301  308  314  320  324  329
  332  335  336  337  337  336  335  332  330  326  322  319  314  311  306  302
  298  294  291  287  284  282  280  279  278
    82.5-180.0 180.0   5.0 450.0                            LAT/LON1/LON2/DLON/H
  261  261  261  262  264  264  266  266  266  265  262  259  254  248  242  235
  228  220  214  207  201  196  191  189  186  186  186  187  189  193  197  202
  209  216  224  233  243  253  264  276  288  300  311  322  333  343  351  358
  365  369  371  372  372  370  366  362  357  350  344  336  328  320  312  304
  296  289  282  276  271  267  264  262  261
    80.0-180.0 180.0   5.0 450.0                            LAT/LON1/LON2/DLON/H
  239  239  241  243  246  250  254  256  259  259  257  254  248  240  233  223
  213  203  194  184  176  170  164  161  158  158  159  162  165  169  175  181
  189  197  207  218  230  243  257  272  288  303  319  335  349  363  375  386
  394  400  404  406  406  404  400  394  387  379  369  359  347  335  323  311
  298  286  276  266  256  250  244  240  239
    77.5-180.0 180.0   5.0 450.0                            LAT/LON1/LON2/DLON/H
  218  216  218  221  224  230  236  240  244  246  246  244  238  230  222  210
  200  188  177  166  158  151  146  143  142  143  145  148  152  158  164  172
  180  189  199  211  224  238  254  270  287  305  324  342  360  376  392  405
  416  425  432  436  437  436  433  429  422  414  404  392  379  364  349  332
  314  298  281  265  250  239  229  222  218
    75.0-180.0 180.0   5.0 450.0                            LAT/LON1/LON2/DLON/H
  204  199  196  198  201  206  212  218  223  226  228  228  225  219  211  200
  189  177  166  155  147  141  137  136  136  138  141  146  151  156  162  170
  178  187  198  210  223  238  253  270  288  306  325  344  363  381  398  413
  426  438  448  455  460  463  463  462  458  453  444  434  421  406  389  370
  349  326  305  282  261  242  226  213  204
    72.5-180.0 180.0   5.0 450.0                            LAT/LON1/LON2/DLON/H
  201  189  182  179  179  182  186  192  197  202  206  209  210  207  201  194
  183  171  160  149  141  136  134  134  136  140  144  148  154  159  166  173
  180  189  200  212  225  240  255  272  289  306  324  341  359  376  393  410
  426  440  454  466  476  483  489  492  492  490  486  478  466  452  435  414
  392  366  340  313  286  261  238  218  201
    70.0-180.0 180.0   5.0 450.0                            LAT/LON1/LON2/DLON/H
  210  191  176  166  162  160  162  166  172  179  185  191  195  196  194  188
  179  167  156  147  140  136  134  137  140  144  149  153  158  163  169  176
  183  192  202  214  228  243  259  274  290  305  319  334  350  366  383  400
  419  437  455  470  485  497  508  516  520  522  520  516  506  493  476  456
  433  406  377  348  317  286  258  232  210
    67.5-180.0 180.0   5.0 450.0                            LAT/LON1/LON2/DLON/H
  222  198  178  162  152  146  144  146  151  158  168  176  184  188  188  184
  176  165  155  146  139  136  137  139  144  148  152  156  160  165  171  177
  185  194  204  216  230  245  262  277  291  304  316  327  340  355  373  392
  413  434  455  475  492  509  522  532  540  544  544  538  530  519  502  483
  460  435  406  376  345  312  280  249  222
    65.0-180.0 180.0   5.0 450.0                            LAT/LON1/LON2/DLON/H
  234  206  183  163  149  139  134  134  137  144  154  164  174  180  183  180
  173  164  154  144  138  134  136  139  144  148  152  155  159  164  170  178
  186  195  205  216  230  246  263  279  294  305  315  324  335  349  368  390
  414  439  462  484  503  519  533  544  550  552  550  544  534  520  505  486
  465  443  417  390  360  329  296  264  234
    62.5-180.0 180.0   5.0 450.0                            LAT/LON1/LON2/DLON/H
  241  213  188  166  150  138  131  128  130  136  144  155  164  173  176  174
  169  161  152  143  136  132  132  136  141  144  148  151  155  160  168  176
  186  196  206  216  229  245  263  282  298  310  319  327  337  352  372  398
  426  454  479  500  518  532  544  550  554  552  546  536  522  506  488  470
  450  430  408  385  359  331  302  271  241
    60.0-180.0 180.0   5.0 450.0                            LAT/LON1/LON2/DLON/H
  242  216  193  172  154  141  132  128  127  131  138  147  156  162  166  166
  162  156  149  140  132  128  128  130  134  137  140  143  148  154  164  175
  186  196  206  215  227  244  264  284  302  318  329  338  348  365  388  417
  449  479  504  524  538  548  555  558  557  550  538  523  505  485  464  445
  425  406  386  368  346  322  297  270  242
    57.5-180.0 180.0   5.0 450.0                            LAT/LON1/LON2/DLON/H
  239  217  196  178  161  147  136  130  128  129  133  138  145  150  153  154
  154  150  144  136  129  124  121  121  123  126  128  132  137  146  158  173
  186  199  208  216  226  243  263  286  310  330  344  357  368  386  412  444
  478  509  533  550  561  567  569  568  561  550  533  512  490  467  444  423
  402  383  366  349  330  310  288  263  239
    55.0-180.0 180.0   5.0 450.0                            LAT/LON1/LON2/DLON/H
  238  219  202  185  170  155  142  134  129  128  129  131  134  136  138  141
  142  142  138  133  126  119  114  110  110  111  112  116  124  137  152  171
  189  203  212  219  228  243  265  291  319  345  365  380  395  413  440  473
  508  539  563  578  585  588  586  581  571  556  536  514  489  464  438  415
  392  372  353  336  319  300  280  258  238
    52.5-180.0 180.0   5.0 450.0                            LAT/LON1/LON2/DLON/H
  241  226  211  196  181  164  150  139  132  128  126  125  124  124  124  127
  131  134  134  131  124  116  106   99   95   94   96  101  112  128  148  171
  192  210  219  225  233  246  268  298  330  362  387  406  424  443  469  501
  536  566  588  602  608  609  606  599  587  570  549  526  501  476  450  426
  401  378  357  337  318  299  279  259  241
    50.0-180.0 180.0   5.0 450.0                            LAT/LON1/LON2/DLON/H
  252  240  227  213  196  177  160  146  136  131  127  124  121  117  116  118
  123  128  131  130  125  115  102   91   84   81   82   90  104  123  148  174
  200  220  231  235  241  254  276  308  346  382  413  436  454  473  497  528
  558  588  608  622  629  630  626  618  606  588  566  544  520  497  473  448
  423  399  375  353  330  309  288  269  252
    47.5-180.0 180.0   5.0 450.0                            LAT/LON1/LON2/DLON/H
  272  262  250  235  216  194  173  156  144  136  132  129  124  119  115  116
  120  125  131  133  129  119  103   88   79   76   78   87  103  125  152  183
  212  235  246  250  255  266  290  326  367  408  442  466  485  503  525  551
  579  605  625  639  647  648  646  637  624  606  585  563  541  520  498  475
  450  426  400  376  352  328  306  287  272
    45.0-180.0 180.0   5.0 450.0                            LAT/LON1/LON2/DLON/H
  298  289  278  262  242  216  189  168  154  145  141  139  134  128  123  121
  123  128  134  140  138  128  111   94   86   84   88   97  114  137  166  198
  229  253  264  268  272  286  314  352  397  440  475  499  516  532  552  575
  599  621  640  655  664  666  662  654  639  620  599  577  557  536  516  496
  474  451  427  401  376  350  329  311  298
    42.5-180.0 180.0   5.0 450.0                            LAT/LON1/LON2/DLON/H
  324  316  307  292  269  240  210  185  166  157  153  152  150  144  137  132
  132  136  143  151  152  142  127  113  106  107  112  121  134  156  183  214
  246  270  284  289  296  314  345  388  436  479  512  534  549  564  581  600
  620  638  656  670  680  682  678  668  652  630  608  585  563  543  524  506
  488  469  448  424  398  373  352  335  324
    40.0-180.0 180.0   5.0 450.0                            LAT/LON1/LON2/DLON/H
  345  339  332  317  294  264  232  203  181  169  166  168  168  163  154  148
  144  146  154  164  170  162  149  138  136  141  146  152  162  178  202  231
  261  286  302  310  323  346  384  430  480  522  552  570  583  596  610  626
  642  658  675  690  700  703  698  686  668  645  620  595  570  548  528  510
  495  480  462  440  416  392  370  355  345
    37.5-180.0 180.0   5.0 450.0                            LAT/LON1/LON2/DLON/H
  357  351  345  332  312  282  250  219  195  182  179  184  186  182  174  164
  158  159  168  181  188  184  173  167  171  178  184  185  188  199  218  244
  272  297  316  332  351  382  425  476  526  566  592  608  619  630  644  657
  671  686  704  721  732  737  732  718  698  672  645  617  590  564  541  522
  509  496  480  458  434  408  385  368  357
    35.0-180.0 180.0   5.0 450.0                            LAT/LON1/LON2/DLON/H
  363  352  344  334  316  290  260  230  206  192  191  198  203  200  190  181
  174  174  184  196  204  202  194  194  202  214  218  215  209  212  226  248
  276  303  328  350  379  417  465  518  568  607  630  645  656  667  680  694
  709  727  747  767  783  791  789  775  752  724  694  663  632  604  577  556
  542  530  514  491  462  433  405  381  363
    32.5-180.0 180.0   5.0 450.0                            LAT/LON1/LON2/DLON/H
  380  357  339  323  304  281  256  233  213  200  201  210  216  214  205  196
  189  189  198  210  218  215  210  213  225  240  244  235  221  217  226  248
  276  306  337  369  405  449  500  554  603  641  665  681  694  708  724  741
  760  784  810  836  859  875  878  865  838  806  774  743  712  680  649  623
  605  592  574  547  512  476  443  410  380
    30.0-180.0 180.0   5.0 450.0                            LAT/LON1/LON2/DLON/H
  427  385  350  321  292  265  242  226  214  206  210  220  227  226  218  209
  204  204  212  221  225  222  218  224  240  257  261  246  224  215  224  245
  275  310  347  386  428  476  528  582  630  670  696  715  733  752  774  799
  828  863  898  933  963  987  996  983  951  914  881  851  821  789  757  727
  705  691  670  637  594  550  512  470  427
    27.5-180.0 180.0   5.0 450.0                            LAT/LON1/LON2/DLON/H
  520  457  400  348  302  262  234  220  213  211  216  226  235  234  227  220
  218  219  224  230  229  224  221  229  248  266  270  251  224  212  219  243
  276  316  360  404  450  498  550  604  654  694  724  748  773  801  833  870
  913  959 1003 1042 1077 1108 1122 1109 1072 1031  997  969  942  913  880  848
  826  812  793  757  708  665  627  580  520
    25.0-180.0 180.0   5.0 450.0                            LAT/LON1/LON2/DLON/H
  675  592  508  428  355  293  253  232  223  221  224  233  239  238  234  230
  230  232  236  236  232  224  223  233  252  271  274  253  223  208  216  244
  283  329  377  424  470  518  570  624  674  717  750  781  815  853  898  947
 1001 1056 1104 1143 1180 1214 1234 1221 1182 1138 1104 1080 1056 1030  998  966
  944  934  919  883  835  799  776  740  675
    22.5-180.0 180.0   5.0 450.0                            LAT/LON1/LON2/DLON/H
  864  781  682  578  473  380  314  275  256  246  243  245  246  243  240  239
  240  243  245  242  234  226  225  237  257  274  274  252  222  208  219  250
  295  345  396  444  490  536  588  643  697  741  777  813  854  904  959 1018
 1079 1136 1182 1218 1250 1286 1307 1298 1260 1217 1186 1164 1144 1122 1092 1061
 1042 1036 1024  990  947  926  927  914  864
    20.0-180.0 180.0   5.0 450.0                            LAT/LON1/LON2/DLON/H
 1040  978  888  778  656  536  435  364  319  294  280  270  262  255  250  250
  251  254  253  248  239  231  233  246  264  278  275  251  223  211  225  260
  309  362  415  463  507  553  606  665  720  767  804  842  890  949 1011 1074
 1133 1184 1220 1244 1268 1300 1324 1321 1292 1258 1231 1210 1192 1172 1144 1114
 1097 1094 1085 1054 1017 1012 1040 1062 1040
    17.5-180.0 180.0   5.0 450.0                            LAT/LON1/LON2/DLON/H
 1159 1137 1077  983  863  732  606  499  422  374  343  319  299  284  274  270
  269  268  265  257  247  240  244  257  274  282  274  251  225  216  232  270
  322  378  430  477  522  569  624  687  745  792  829  869  922  985 1048 1105
 1151 1186 1205 1217 1235 1264 1294 1302 1289 1268 1247 1228 1208 1188 1158 1128
 1109 1102 1089 1054 1020 1024 1078 1136 1159
    15.0-180.0 180.0   5.0 450.0                            LAT/LON1/LON2/DLON/H
 1171 1210 1202 1148 1054  928  788  655  552  485  438  397  362  334  316  305
  296  290  282  272  261  255  258  270  283  286  274  250  227  222  239  279
  332  388  440  486  532  580  640  704  766  814  850  892  948 1010 1067 1110
 1138 1152 1156 1159 1173 1204 1239 1262 1268 1261 1246 1227 1206 1182 1151 1118
 1094 1078 1053 1005  958  953 1008 1095 1171
    12.5-180.0 180.0   5.0 450.0                            LAT/LON1/LON2/DLON/H
 1064 1162 1222 1232 1185 1087  950  803  684  605  550  499  451  413  384  360
  341  326  310  296  282  274  274  284  292  290  274  250  229  225  244  284
  337  393  444  490  536  588  649  716  779  828  867  910  965 1024 1071 1098
 1109 1106 1097 1095 1108 1142 1184 1220 1244 1250 1240 1218 1194 1167 1135 1099
 1068 1041 1000  933  863  830  863  952 1064
    10.0-180.0 180.0   5.0 450.0                            LAT/LON1/LON2/DLON/H
  890 1027 1140 1209 1220 1168 1057  916  794  716  660  605  552  506  468  433
  402  375  352  330  312  299  292  294  298  293  275  250  231  227  245  284
  338  393  442  488  534  588  650  717  781  833  876  920  975 1030 1068 1084
 1081 1067 1051 1048 1065 1102 1151 1198 1234 1249 1240 1216 1187 1157 1122 1086
 1050 1012  954  867  769  698  690  763  890
     7.5-180.0 180.0   5.0 450.0                            LAT/LON1/LON2/DLON/H
  710  864 1010 1118 1174 1163 1085  968  862  796  748  698  646  598  554  510
  468  431  400  372  347  325  309  302  301  295  276  251  231  226  244  283
  334  388  436  481  527  580  640  707  772  828  876  924  978 1028 1061 1072
 1067 1053 1040 1042 1062 1101 1150 1200 1240 1258 1247 1219 1187 1154 1122 1087
 1052 1008  938  835  711  598  545  586  710
     5.0-180.0 180.0   5.0 450.0                            LAT/LON1/LON2/DLON/H
  584  731  882 1008 1089 1106 1054  960  877  828  795  758  714  669  624  576
  526  482  444  410  379  349  322  306  301  295  276  251  230  224  240  278
  328  380  427  470  515  566  624  687  753  813  866  919  974 1021 1054 1072
 1078 1072 1067 1071 1091 1126 1171 1216 1252 1267 1254 1223 1188 1156 1124 1095
 1066 1024  956  850  715  575  480  484  584
     2.5-180.0 180.0   5.0 450.0                            LAT/LON1/LON2/DLON/H
  566  681  809  927 1008 1034  996  920  853  815  795  772  740  704  663  615
  564  516  475  437  400  363  329  306  299  292  274  248  225  218  232  270
  319  368  415  457  500  547  600  662  727  790  848  904  958 1007 1047 1079
 1102 1110 1112 1117 1134 1162 1198 1234 1262 1270 1253 1222 1186 1152 1124 1101
 1081 1049  990  893  765  624  516  497  566
