data/inha_roof/JPL0OPSFIN_20250790000_01D_02H_GIM.INX
     1.0            IONOSPHERE MAPS     GPS                 IONEX VERSION / TYPE
GIM V3.0            JPL - GNISD         23-mar-2025 01:55   PGM / RUN BY / DATE 
JPLS GLOBAL IONOSPHERE MAPS YEAR  2025 DAY 079              COMMENT             
JPL's Global Ionospheric Maps (GIM) are generated on a      DESCRIPTION         
daily basis using data from GNSS sites from various         DESCRIPTION         
networks (including IGS, GDGPS, and NASA in particular).    DESCRIPTION         
See https://doi.org/10.1007/s00190-024-01860-3 for details. DESCRIPTION         
The vertical TEC is modeled in a solar-geomagnetic          DESCRIPTION         
reference frame using bi-cubic splines on a spherical grid. DESCRIPTION         
A Kalman filter is used to solve simultaneously for         DESCRIPTION         
instrumental biases and VTEC on the grid (as stochastic     DESCRIPTION         
parameters). The maps presented here are in the Earth-fixed DESCRIPTION         
reference frame.                                            DESCRIPTION         
The DCB are defined based on the GPS L1 and L2 frequencies. DESCRIPTION         
This product incorporates a 2 TECU offset, simply added to  DESCRIPTION         
all grid points as a constant.                              DESCRIPTION         
As per https://doi.org/10.1007/s00190-024-01860-3, the RMS  DESCRIPTION         
maps represent an upper bound of the Kalman filter formal   DESCRIPTION         
error; due to the choice of basis functions, this upper     DESCRIPTION         
bound is overestimated above 60 degrees of magnetic         DESCRIPTION         
latitude and should thus be carefully considered over these DESCRIPTION         
regions.                                                    DESCRIPTION         
Contact Address: camille.martire@jpl.nasa.gov               DESCRIPTION         
                 panagiotis.vergados@jpl.nasa.gov           DESCRIPTION         
  2025     3    20     0     0     0                        EPOCH OF FIRST MAP  
  2025     3    21     0     0     0                        EPOCH OF LAST MAP   
  7200                                                      INTERVAL            
    13                                                      # OF MAPS IN FILE   
  EXTSLAB (HT0=100KM, HT1=300KM, HT2=600KM, HT3=2000KM)     MAPPING FUNCTION    
    10.0                                                    ELEVATION CUTOFF    
One-way carrier phase leveled to code.                      OBSERVABLES USED    
   250                                                      # OF STATIONS       
  6371.0                                                    BASE RADIUS         
     2                                                      MAP DIMENSION       
   450.0 450.0   0.0                                        HGT1 / HGT2 / DHGT  
    87.5 -87.5  -2.5                                        LAT1 / LAT2 / DLAT  
  -180.0 180.0   5.0                                        LON1 / LON2 / DLON  
    -1                                                      EXPONENT            
TEC/RMS unit: 10^(exponent) TECU.                           COMMENT             
DCB     unit: nanosecond.                                   COMMENT             
                                                            END OF HEADER       
[from data line 1287]
     4                                                      START OF TEC MAP    
  2025     3    20     6     0     0                        EPOCH OF CURRENT MAP
    87.5-180.0 180.0   5.0 450.0                            LAT/LON1/LON2/DLON/H
  260  259  257  256  254  253  251  250  248  246  244  243  241  239  237  235
  233  231  229  227  225  223  222  220  219  216  216  214  214  213  212  212
  212  213  213  214  215  216  218  219  221  223  225  227  230  232  235  238
  240  243  246  249  251  254  256  258  260  262  264  265  266  266  267  267
  267  267  266  266  265  264  262  262  260
    85.0-180.0 180.0   5.0 450.0                            LAT/LON1/LON2/DLON/H
  265  262  260  258  256  254  252  251  249  248  246  243  241  238  235  232
  228  225  221  217  213  209  206  202  199  196  193  191  189  188  187  187
  187  188  189  190  192  195  197  200  203  207  211  216  220  225  230  236
  242  247  253  258  264  269  274  279  282  286  289  291  292  292  292  291
  290  287  284  281  278  274  271  268  265
    82.5-180.0 180.0   5.0 450.0                            LAT/LON1/LON2/DLON/H
  256  252  249  246  245  245  245  246  246  246  246  245  244  241  237  233
  228  223  216  210  205  199  193  188  183  179  175  173  171  169  168  169
  169  170  172  174  177  181  185  189  194  199  204  210  216  223  230  238
  245  253  262  271  279  287  295  302  309  313  317  320  321  320  318  314
  309  302  296  289  282  274  268  262  256
    80.0-180.0 180.0   5.0 450.0                            LAT/LON1/LON2/DLON/H
  240  233  228  226  225  226  229  233  238  242  245  246  247  246  243  238
  232  225  217  209  200  192  184  178  172  166  162  159  158  157  156  156
  158  160  162  166  170  175  180  186  192  198  204  211  219  226  234  244
  253  263  274  285  296  308  319  328  337  344  348  351  351  350  344  338
  328  318  306  294  282  270  258  248  240
    77.5-180.0 180.0   5.0 450.0                            LAT/LON1/LON2/DLON/H
  224  213  206  201  200  202  206  213  221  229  237  244  247  249  246  243
  236  228  219  209  198  188  179  171  164  158  154  151  150  148  148  150
  151  154  158  162  168  174  180  187  194  201  209  216  225  234  243  253
  264  276  289  302  316  330  344  356  367  376  382  385  385  381  375  365
  352  338  322  304  286  269  252  236  224
    75.0-180.0 180.0   5.0 450.0                            LAT/LON1/LON2/DLON/H
  219  203  190  180  176  175  179  187  198  209  222  233  242  246  248  244
  239  230  221  210  198  187  177  168  162  156  151  148  145  144  144  146
  149  152  158  163  170  177  184  192  200  208  216  224  234  243  254  266
  278  292  306  322  338  355  371  386  398  409  416  419  420  416  408  397
  384  367  349  329  306  284  261  239  219
    72.5-180.0 180.0   5.0 450.0                            LAT/LON1/LON2/DLON/H
  236  211  190  172  161  155  156  162  172  185  200  214  226  236  241  241
  237  230  220  209  197  186  176  167  160  155  151  147  145  144  144  146
  149  153  159  166  173  182  190  198  206  215  223  233  243  253  265  278
  292  309  326  344  363  381  399  415  429  440  449  453  454  450  443  434
  420  405  386  366  342  317  291  263  236
    70.0-180.0 180.0   5.0 450.0                            LAT/LON1/LON2/DLON/H
  274  243  213  186  164  150  142  143  150  161  176  191  205  218  226  230
  229  224  216  206  194  183  174  166  159  154  151  149  146  146  145  146
  150  154  161  169  177  186  194  203  211  220  229  239  250  262  276  292
  309  328  348  368  389  409  428  445  459  470  478  483  484  482  476  468
  457  445  429  410  389  364  336  306  274
    67.5-180.0 180.0   5.0 450.0                            LAT/LON1/LON2/DLON/H
  324  289  254  221  190  165  148  138  137  142  154  167  182  196  206  212
  214  212  205  196  186  176  168  161  156  152  151  150  149  148  148  149
  151  156  162  170  179  188  196  205  214  223  233  244  256  271  287  305
  326  348  371  395  418  439  458  473  486  496  503  506  508  506  501  496
  489  479  468  453  434  413  386  357  324
    65.0-180.0 180.0   5.0 450.0                            LAT/LON1/LON2/DLON/H
  372  339  302  265  230  198  171  151  139  136  139  148  161  173  184  190
  194  194  189  182  173  164  157  152  149  148  149  150  151  150  149  148
  150  154  160  168  177  186  196  204  214  224  235  248  262  279  298  320
  344  370  398  425  449  470  488  501  510  517  520  522  522  520  517  512
  507  500  492  482  468  450  428  403  372
    62.5-180.0 180.0   5.0 450.0                            LAT/LON1/LON2/DLON/H
  408  379  346  310  273  236  203  175  154  142  136  138  144  153  162  169
  173  173  170  164  156  149  144  140  139  141  144  147  149  148  146  144
  144  147  153  161  171  181  192  203  213  224  237  251  268  287  309  335
  364  395  426  456  483  504  519  528  532  535  535  534  531  527  523  518
  512  507  499  490  479  466  450  432  408
    60.0-180.0 180.0   5.0 450.0                            LAT/LON1/LON2/DLON/H
  418  399  374  344  310  272  236  204  176  156  142  136  136  140  146  150
  153  154  151  146  139  134  130  128  129  131  136  141  142  142  138  134
  132  135  142  151  162  174  186  199  211  224  239  256  275  297  322  352
  384  419  455  489  517  538  550  555  555  552  548  544  539  532  526  519
  511  503  492  481  470  459  447  434  418
    57.5-180.0 180.0   5.0 450.0                            LAT/LON1/LON2/DLON/H
  408  396  378  358  330  298  264  229  197  172  153  141  135  134  135  137
  138  138  136  132  127  122  119  118  118  121  127  131  133  130  123  116
  114  118  127  140  153  167  180  195  210  226  244  263  284  309  337  370
  406  445  484  520  550  570  580  582  579  572  566  558  549  540  530  519
  507  494  480  465  452  440  429  419  408
    55.0-180.0 180.0   5.0 450.0                            LAT/LON1/LON2/DLON/H
  389  380  368  353  332  306  276  244  213  185  163  148  138  133  131  130
  131  130  128  125  121  117  114  111  110  112  116  120  120  114  105   97
   96  102  114  129  145  161  176  193  210  230  251  273  296  323  354  388
  428  470  512  550  581  600  609  610  605  597  588  578  566  553  540  524
  507  489  470  451  435  420  408  398  389
    52.5-180.0 180.0   5.0 450.0                            LAT/LON1/LON2/DLON/H
  370  361  352  340  324  302  276  246  218  192  170  154  143  136  131  129
  128  128  127  126  124  120  116  111  106  105  107  110  108  101   90   81
   80   88  105  124  143  160  176  194  215  237  262  287  312  340  372  409
  450  495  538  576  607  626  636  637  632  625  615  603  589  574  556  536
  515  493  470  450  430  412  396  382  370
    50.0-180.0 180.0   5.0 450.0                            LAT/LON1/LON2/DLON/H
  365  350  339  327  311  291  267  240  214  190  171  158  148  140  134  132
  131  132  133  134  134  131  124  116  109  104  104  107  104   96   82   73
   73   84  104  127  148  164  181  199  222  249  278  306  333  363  394  431
  474  518  562  600  630  650  659  662  659  652  642  630  615  597  576  554
  530  506  484  465  445  426  404  383  365
    47.5-180.0 180.0   5.0 450.0                            LAT/LON1/LON2/DLON/H
  379  357  338  320  302  282  259  233  207  185  169  158  151  145  141  139
  138  140  144  148  149  147  140  129  119  113  113  114  111  101   88   79
   80   93  114  137  158  174  191  210  236  266  299  330  360  388  420  456
  497  542  585  622  651  671  682  687  684  677  667  652  636  617  595  572
  549  526  508  492  476  456  432  405  379
    45.0-180.0 180.0   5.0 450.0                            LAT/LON1/LON2/DLON/H
  408  378  352  327  304  280  254  229  203  182  167  159  155  152  150  148
  149  152  159  166  171  168  160  149  139  134  134  135  132  123  109  100
  100  110  130  152  172  189  206  228  256  291  326  360  390  419  448  482
  522  565  606  642  671  692  705  708  705  696  682  667  648  630  610  589
  569  551  538  529  518  500  473  440  408
    42.5-180.0 180.0   5.0 450.0                            LAT/LON1/LON2/DLON/H
  444  408  374  344  316  288  261  233  206  183  169  163  162  162  161  161
  162  168  178  189  195  194  186  176  170  168  169  171  167  156  141  130
  126  133  149  169  188  206  225  251  283  320  359  394  425  453  480  510
  547  586  625  661  692  715  727  729  722  708  690  671  652  635  618  603
  590  578  572  570  564  547  519  483  444
    40.0-180.0 180.0   5.0 450.0                            LAT/LON1/LON2/DLON/H
  482  440  400  365  333  304  276  246  218  193  177  172  172  174  175  176
  178  185  198  212  222  221  214  206  205  208  213  214  210  196  179  164
  156  157  168  184  201  222  246  278  315  355  394  430  462  488  514  540
  572  608  644  680  714  741  755  754  742  722  698  676  656  640  628  620
  613  609  610  611  608  592  564  525  482
    37.5-180.0 180.0   5.0 450.0                            LAT/LON1/LON2/DLON/H
  515  468  425  386  352  321  292  264  236  209  192  186  186  189  191  192
  196  204  219  236  246  246  241  238  243  251  259  261  254  238  216  197
  184  178  182  194  212  236  268  306  348  391  432  468  499  525  548  572
  599  631  667  705  743  775  791  790  773  747  718  692  672  658  650  648
  649  652  655  657  652  635  603  561  515
    35.0-180.0 180.0   5.0 450.0                            LAT/LON1/LON2/DLON/H
  544  492  444  404  368  336  306  278  251  226  209  203  204  206  209  210
  214  223  239  256  267  268  264  266  276  291  302  303  294  275  250  226
  206  195  193  201  219  248  286  333  381  427  468  504  535  562  584  605
  630  660  696  738  783  821  842  841  823  793  760  733  713  702  697  698
  704  711  715  715  706  682  645  597  544
    32.5-180.0 180.0   5.0 450.0                            LAT/LON1/LON2/DLON/H
  582  520  465  418  378  342  308  281  258  237  224  219  221  224  226  228
  233  243  257  272  281  281  279  286  303  322  335  337  326  304  278  250
  226  208  201  206  224  258  304  359  412  460  502  538  569  596  619  640
  667  699  738  786  838  884  911  914  898  868  835  808  791  781  777  778
  787  794  798  792  776  746  700  644  582
    30.0-180.0 180.0   5.0 450.0                            LAT/LON1/LON2/DLON/H
  640  566  498  441  392  343  298  266  249  239  233  233  236  241  243  246
  253  262  273  283  288  288  289  300  321  344  360  363  350  329  300  270
  243  220  209  210  230  267  320  381  439  490  532  568  599  627  652  678
  709  749  797  852  911  962  995 1005  993  967  935  912  900  893  888  888
  897  907  908  896  870  832  779  713  640
    27.5-180.0 180.0   5.0 450.0                            LAT/LON1/LON2/DLON/H
  731  641  557  487  423  355  290  245  229  229  233  240  248  254  258  262
  272  281  288  292  293  291  294  310  336  362  380  382  370  348  319  288
  258  233  218  217  234  275  333  400  462  514  557  592  624  654  682  715
  757  808  865  927  988 1042 1079 1096 1092 1072 1044 1027 1020 1016 1010 1010
 1020 1032 1034 1020  991  950  891  817  731
    25.0-180.0 180.0   5.0 450.0                            LAT/LON1/LON2/DLON/H
  863  758  656  567  486  397  306  244  221  224  233  244  254  263  270  279
  290  299  303  302  300  298  304  322  352  380  397  400  388  366  336  304
  273  248  230  224  240  281  344  412  477  530  574  610  643  676  708  751
  805  867  932  997 1059 1110 1150 1174 1178 1164 1143 1131 1130 1129 1124 1123
 1135 1150 1155 1144 1119 1083 1030  956  863
    22.5-180.0 180.0   5.0 450.0                            LAT/LON1/LON2/DLON/H
 1019  910  796  695  600  490  373  285  249  245  250  257  266  273  282  294
  308  317  319  316  312  312  320  342  373  402  418  418  405  383  354  320
  288  261  241  232  244  286  349  419  483  538  582  620  657  693  732  783
  847  918  987 1051 1107 1153 1192 1220 1233 1228 1214 1207 1209 1210 1207 1207
 1220 1238 1249 1245 1231 1208 1170 1108 1019
    20.0-180.0 180.0   5.0 450.0                            LAT/LON1/LON2/DLON/H
 1168 1065  953  854  762  647  510  396  336  314  305  299  296  297  302  315
  329  339  339  337  336  337  347  371  404  430  443  438  423  400  369  335
  300  271  249  237  246  287  350  418  482  536  582  624  666  707  753  810
  881  954 1020 1074 1120 1157 1192 1225 1247 1250 1244 1242 1244 1245 1243 1244
 1256 1277 1294 1302 1304 1302 1285 1242 1168
    17.5-180.0 180.0   5.0 450.0                            LAT/LON1/LON2/DLON/H
 1279 1192 1092 1010  939  842  712  586  500  448  410  383  362  347  343  351
  362  368  368  366  369  373  384  408  440  463  468  457  437  413  381  344
  306  276  251  238  246  286  346  413  473  528  577  625  672  720  772  834
  904  970 1025 1066 1098 1128 1161 1198 1228 1242 1245 1245 1245 1243 1240 1238
 1246 1261 1278 1296 1316 1337 1348 1331 1279
    15.0-180.0 180.0   5.0 450.0                            LAT/LON1/LON2/DLON/H
 1322 1259 1182 1127 1090 1030  928  814  718  643  580  524  475  435  413  410
  413  412  408  408  410  417  427  449  476  493  490  472  447  420  386  346
  306  272  246  232  242  281  340  402  460  515  568  622  678  734  791  854
  917  971 1010 1037 1058 1082 1116 1157 1195 1220 1231 1232 1228 1222 1216 1210
 1207 1211 1223 1242 1272 1309 1339 1347 1322
    12.5-180.0 180.0   5.0 450.0                            LAT/LON1/LON2/DLON/H
 1284 1240 1188 1166 1172 1162 1108 1026  940  858  782  708  633  566  520  499
  489  477  466  461  462  465  472  487  506  515  505  478  449  417  382  340
  298  260  234  221  234  274  330  388  444  500  558  619  683  747  809  870
  924  964  988 1003 1017 1040 1074 1118 1162 1196 1216 1219 1209 1198 1188 1176
 1161 1150 1153 1170 1201 1241 1278 1296 1284
    10.0-180.0 180.0   5.0 450.0                            LAT/LON1/LON2/DLON/H
 1198 1157 1113 1107 1145 1190 1201 1171 1116 1048  974  894  805  718  652  615
  590  564  541  527  521  516  514  519  526  526  507  475  440  405  368  327
  283  244  218  208  223  264  318  373  428  485  546  614  686  756  822  880
  926  954  970  978  991 1016 1055 1099 1145 1186 1214 1218 1205 1188 1175 1156
 1128 1103 1095 1104 1130 1164 1195 1210 1198
     7.5-180.0 180.0   5.0 450.0                            LAT/LON1/LON2/DLON/H
 1100 1049  997  982 1024 1097 1164 1200 1198 1165 1114 1045  955  858  781  733
  697  659  624  599  580  564  550  540  535  523  497  461  422  385  349  309
  265  226  201  194  211  251  302  355  410  470  535  606  682  758  827  884
  925  950  963  973  990 1022 1062 1104 1146 1190 1224 1232 1218 1198 1182 1159
 1125 1091 1073 1074 1087 1108 1124 1124 1100
     5.0-180.0 180.0   5.0 450.0                            LAT/LON1/LON2/DLON/H
 1027  957  882  841  860  934 1030 1112 1160 1175 1162 1121 1048  956  880  830
  788  743  698  660  630  602  575  552  533  510  479  440  400  360  325  286
  246  210  188  182  199  237  286  339  394  455  521  594  672  749  819  877
  920  948  968  984 1008 1046 1087 1122 1158 1202 1241 1252 1237 1217 1200 1177
 1142 1108 1090 1087 1092 1099 1096 1073 1027
     2.5-180.0 180.0   5.0 450.0                            LAT/LON1/LON2/DLON/H
 1015  922  817  735  712  762  860  963 1042 1091 1111 1100 1052  983  923  880
  843  796  746  700  659  621  585  552  522  490  456  416  374  334  299  264
  229  198  178  174  189  224  271  324  380  441  506  576  652  727  798  858
  908  948  976 1000 1030 1072 1114 1142 1169 1211 1254 1268 1254 1232 1217 1196
 1167 1138 1126 1126 1132 1132 1118 1080 1015
