data/data_0417/JPL0OPSFIN_20251070000_01D_02H_GIM.INX
     1.0            IONOSPHERE MAPS     GPS                 IONEX VERSION / TYPE
GIM V3.0            JPL - GNISD         20-apr-2025 01:59   PGM / RUN BY / DATE 
JPLS GLOBAL IONOSPHERE MAPS YEAR  2025 DAY 107              COMMENT             
JPL's Global Ionospheric Maps (GIM) are generated on a      DESCRIPTION         
daily basis using data from GNSS sites from various         DESCRIPTION         
networks (including IGS, GDGPS, and NASA in particular).    DESCRIPTION         
See https://doi.org/10.1007/s00190-024-01860-3 for details. DESCRIPTION         
The vertical TEC is modeled in a solar-geomagnetic          DESCRIPTION         
reference frame using bi-cubic splines on a spherical grid. DESCRIPTION         
A Kalman filter is used to solve simultaneously for         DESCRIPTION         
instrumental biases and VTEC on the grid (as stochastic     DESCRIPTION         
parameters). The maps presented here are in the Earth-fixed DESCRIPTION         
reference frame.                                            DESCRIPTION         
The DCB are defined based on the GPS L1 and L2 frequencies. DESCRIPTION         
This product incorporates a 2 TECU offset, simply added to  DESCRIPTION         
all grid points as a constant.                              DESCRIPTION         
As per https://doi.org/10.1007/s00190-024-01860-3, the RMS  DESCRIPTION         
maps represent an upper bound of the Kalman filter formal   DESCRIPTION         
error; due to the choice of basis functions, this upper     DESCRIPTION         
bound is overestimated above 60 degrees of magnetic         DESCRIPTION         
latitude and should thus be carefully considered over these DESCRIPTION         
regions.                                                    DESCRIPTION         
Contact Address: camille.martire@jpl.nasa.gov               DESCRIPTION         
                 panagiotis.vergados@jpl.nasa.gov           DESCRIPTION         
  2025     4    17     0     0     0                        EPOCH OF FIRST MAP  
  2025     4    18     0     0     0                        EPOCH OF LAST MAP   
  7200                                                      INTERVAL            
    13                                                      # OF MAPS IN FILE   
  EXTSLAB (HT0=100KM, HT1=300KM, HT2=600KM, HT3=2000KM)     MAPPING FUNCTION    
    10.0                                                    ELEVATION CUTOFF    
One-way carrier phase leveled to code.                      OBSERVABLES USED    
   250                                                      # OF STATIONS       
  6371.0                                                    BASE RADIUS         
     2                                                      MAP DIMENSION       
   450.0 450.0   0.0                                        HGT1 / HGT2 / DHGT  
    87.5 -87.5  -2.5                                        LAT1 / LAT2 / DLAT  
  -180.0 180.0   5.0                                        LON1 / LON2 / DLON  
    -1                                                      EXPONENT            
TEC/RMS unit: 10^(exponent) TECU.                           COMMENT             
DCB     unit: nanosecond.                                   COMMENT             
                                                            END OF HEADER       
[from data line 1716]
     5                                                      START OF TEC MAP    
  2025     4    17     8     0     0                        EPOCH OF CURRENT MAP
    87.5-180.0 180.0   5.0 450.0                            LAT/LON1/LON2/DLON/H
  118  118  118  118  119  119  119  119  119  120  120  120  120  121  121  121
  122  122  122  123  123  123  124  124  124  125  126  126  126  126  127  128
  128  128  129  129  129  129  129  129  129  129  129  129  128  128  128  127
  127  126  126  124  124  124  123  122  121  121  120  120  118  118  118  118
  117  117  117  117  117  117  117  117  118
    85.0-180.0 180.0   5.0 450.0                            LAT/LON1/LON2/DLON/H
  116  117  118  118  119  119  119  119  120  120  120  120  121  121  121  121
  122  122  123  123  124  124  124  126  126  127  128  129  130  131  132  132
  134  134  135  136  136  137  138  138  139  139  139  139  138  137  137  136
  134  134  132  131  128  127  126  124  122  121  120  118  117  116  115  115
  114  114  114  114  115  116  116  116  116
    82.5-180.0 180.0   5.0 450.0                            LAT/LON1/LON2/DLON/H
  119  119  119  119  120  120  120  120  120  120  120  120  120  120  120  120
  121  121  122  122  123  124  125  126  127  128  130  131  132  134  135  136
  138  139  141  142  143  144  145  146  147  148  148  149  149  149  148  146
  145  143  142  138  136  134  131  129  126  124  122  120  118  118  116  116
  116  116  116  116  118  118  118  119  119
    80.0-180.0 180.0   5.0 450.0                            LAT/LON1/LON2/DLON/H
  124  124  123  122  121  121  120  119  119  118  118  118  118  117  118  118
  118  119  120  120  121  122  124  125  126  129  131  132  134  136  139  141
  142  144  146  148  149  151  152  154  156  156  158  158  159  159  158  157
  156  154  152  150  147  144  140  137  134  132  130  128  126  125  124  124
  124  124  124  124  125  125  125  124  124
    77.5-180.0 180.0   5.0 450.0                            LAT/LON1/LON2/DLON/H
  132  130  128  125  123  121  120  118  116  115  114  114  114  114  113  114
  114  114  116  116  118  120  122  124  126  129  131  134  136  139  141  144
  146  149  151  153  155  158  160  161  162  164  166  166  168  168  168  167
  166  164  163  161  158  156  153  151  148  146  144  142  141  141  141  141
  141  141  141  141  140  138  137  135  132
    75.0-180.0 180.0   5.0 450.0                            LAT/LON1/LON2/DLON/H
  145  141  136  131  126  122  119  116  113  111  110  108  108  108  108  108
  109  110  111  112  114  116  118  121  124  127  130  134  137  141  144  147
  150  153  156  158  161  164  166  168  170  171  172  173  174  174  174  174
  174  174  173  172  171  169  168  166  165  164  164  163  163  164  164  166
  166  166  166  165  162  159  156  151  145
    72.5-180.0 180.0   5.0 450.0                            LAT/LON1/LON2/DLON/H
  163  154  146  139  131  124  119  113  109  106  103  102  101  101  101  101
  103  104  105  106  109  111  114  117  120  124  128  132  137  141  144  148
  152  156  160  163  166  169  172  173  175  176  176  178  178  179  179  180
  180  181  181  182  182  183  183  183  184  184  184  186  188  190  191  194
  195  196  196  194  191  186  179  171  163
    70.0-180.0 180.0   5.0 450.0                            LAT/LON1/LON2/DLON/H
  184  172  161  149  138  128  120  112  105  100   97   94   93   93   93   94
   95   97   98  101  104  106  109  112  114  120  124  129  134  139  144  148
  153  158  162  166  171  173  176  178  179  180  180  180  180  180  181  182
  184  186  188  189  191  194  196  198  200  202  204  207  211  214  216  220
  222  224  224  222  218  212  204  194  184
    67.5-180.0 180.0   5.0 450.0                            LAT/LON1/LON2/DLON/H
  204  190  176  162  148  134  122  112  102   96   91   87   85   85   85   86
   88   90   93   96   98  102  104  106  108  113  118  124  129  135  141  148
  153  158  164  169  173  176  179  181  182  182  181  181  180  181  182  184
  186  189  192  195  199  202  205  208  212  215  219  223  227  232  236  239
  241  243  244  243  240  234  226  216  204
    65.0-180.0 180.0   5.0 450.0                            LAT/LON1/LON2/DLON/H
  220  206  190  174  158  142  127  114  102   93   86   82   79   78   78   79
   82   84   87   91   94   98   98  100  102  105  111  117  124  131  138  146
  152  159  164  170  174  178  181  183  184  184  182  181  181  181  182  184
  188  192  196  200  204  207  211  214  217  222  226  231  236  240  243  245
  246  248  250  250  250  246  240  231  220
    62.5-180.0 180.0   5.0 450.0                            LAT/LON1/LON2/DLON/H
  228  215  200  183  166  148  132  117  104   93   84   78   74   72   72   74
   76   79   83   87   91   93   94   93   94   96  102  109  118  127  136  144
  153  161  166  172  176  180  183  185  186  186  185  183  182  182  184  186
  191  196  200  204  208  211  214  218  222  226  231  236  240  242  242  242
  240  241  242  244  246  246  244  238  228
    60.0-180.0 180.0   5.0 450.0                            LAT/LON1/LON2/DLON/H
  228  217  204  188  171  153  136  121  107   94   84   77   72   70   68   70
   72   75   79   84   87   88   88   86   85   87   93  102  113  124  136  147
  156  164  171  176  180  183  185  187  189  190  189  188  186  186  188  192
  196  202  207  211  214  218  221  224  228  232  236  240  243  243  240  235
  230  227  228  230  234  236  236  234  228
    57.5-180.0 180.0   5.0 450.0                            LAT/LON1/LON2/DLON/H
  221  213  200  186  170  154  138  122  108   96   86   78   72   70   68   68
   70   72   76   80   82   82   81   78   76   78   84   95  109  123  138  151
  162  172  179  184  187  189  191  192  194  196  196  194  193  192  194  199
  206  213  218  223  226  230  234  238  242  246  249  252  252  248  240  231
  222  216  214  217  221  224  226  225  221
    55.0-180.0 180.0   5.0 450.0                            LAT/LON1/LON2/DLON/H
  214  206  194  180  164  149  134  120  107   96   87   79   74   70   68   68
   68   70   72   75   76   75   72   68   67   70   77   90  107  126  144  159
  173  184  192  198  200  200  200  200  203  204  205  204  202  202  204  211
  220  228  234  239  244  249  256  262  266  270  272  272  269  262  250  236
  224  216  212  212  214  218  219  218  214
    52.5-180.0 180.0   5.0 450.0                            LAT/LON1/LON2/DLON/H
  211  202  188  173  158  142  128  114  103   94   86   80   76   72   71   70
   69   69   69   69   68   66   62   59   58   62   72   88  108  130  151  170
  186  200  210  216  219  219  215  213  212  214  215  214  213  214  219  228
  239  250  258  263  269  276  286  294  302  305  306  302  296  284  270  255
  242  232  226  223  222  222  221  218  211
    50.0-180.0 180.0   5.0 450.0                            LAT/LON1/LON2/DLON/H
  218  203  187  170  152  136  121  108   97   89   82   79   77   75   74   72
   71   70   68   66   63   58   54   52   53   58   70   88  110  135  160  181
  200  218  232  242  246  243  235  228  224  224  225  225  225  228  236  249
  264  277  286  292  298  308  320  332  340  343  341  334  324  310  296  282
  271  262  255  250  246  242  236  228  218
    47.5-180.0 180.0   5.0 450.0                            LAT/LON1/LON2/DLON/H
  234  216  195  173  152  134  117  103   92   84   80   78   78   78   77   76
   75   73   71   66   61   56   51   50   52   58   72   91  114  142  168  193
  216  238  256  271  276  271  260  246  238  234  234  234  236  243  256  273
  292  308  318  324  330  340  354  368  376  377  372  362  348  334  321  311
  302  296  290  284  279  271  262  250  234
    45.0-180.0 180.0   5.0 450.0                            LAT/LON1/LON2/DLON/H
  258  236  212  187  162  140  119  103   91   82   79   78   79   80   81   81
   81   80   77   72   66   60   56   54   57   66   78   98  122  149  176  204
  231  257  280  296  305  301  287  269  252  243  240  241  246  258  276  299
  321  340  350  357  363  372  384  396  402  400  392  378  363  350  342  336
  331  327  322  318  312  302  291  276  258
    42.5-180.0 180.0   5.0 450.0                            LAT/LON1/LON2/DLON/H
  280  256  232  206  180  154  129  110   95   86   82   82   84   85   87   88
   90   91   90   85   80   74   69   68   72   80   92  109  131  157  184  213
  243  271  297  318  330  329  315  292  269  253  246  248  256  273  297  324
  350  370  382  388  392  398  406  414  416  410  399  383  368  358  354  352
  350  347  345  342  338  329  317  301  280
    40.0-180.0 180.0   5.0 450.0                            LAT/LON1/LON2/DLON/H
  295  272  248  224  199  172  146  124  107   97   93   92   93   94   95   98
  101  104  106  104  100   94   90   88   92   99  110  123  142  165  192  220
  249  278  306  330  346  352  342  318  289  267  257  258  269  289  317  348
  376  398  413  420  424  426  430  433  432  424  410  393  378  372  370  369
  366  360  356  354  350  343  332  316  295
    37.5-180.0 180.0   5.0 450.0                            LAT/LON1/LON2/DLON/H
  296  274  256  236  214  190  164  142  126  116  111  108  108  106  106  109
  114  120  124  124  122  118  114  113  116  121  128  138  153  173  198  224
  250  276  303  330  355  369  366  344  312  287  274  274  284  306  338  373
  405  430  449  460  466  468  469  468  466  458  444  428  415  410  410  407
  398  385  374  366  358  348  335  317  296
    35.0-180.0 180.0   5.0 450.0                            LAT/LON1/LON2/DLON/H
  286  264  248  236  221  202  180  160  146  137  133  131  128  124  121  123
  128  135  141  144  144  142  140  139  140  142  146  152  163  181  203  225
  246  268  294  324  356  381  387  370  340  313  300  298  307  330  365  405
  442  475  500  517  528  532  533  534  535  531  521  508  497  494  492  483
  465  440  418  397  376  357  336  312  286
    32.5-180.0 180.0   5.0 450.0                            LAT/LON1/LON2/DLON/H
  279  250  233  224  215  203  188  174  163  157  154  152  150  142  138  136
  141  148  154  160  162  163  162  161  161  161  160  162  170  185  206  225
  242  258  282  316  355  390  406  396  370  347  335  332  340  364  403  450
  497  538  572  600  618  629  636  644  654  660  658  651  644  640  634  617
  586  547  506  464  422  383  349  313  279
    30.0-180.0 180.0   5.0 450.0                            LAT/LON1/LON2/DLON/H
  288  249  225  213  206  198  188  180  174  171  171  171  168  161  153  151
  154  160  166  171  176  180  181  180  178  174  170  169  174  188  208  226
  239  252  275  312  357  398  422  420  403  387  378  376  384  410  458  516
  575  629  676  714  741  759  773  791  813  832  841  844  842  839  830  808
  768  717  655  584  508  440  386  337  288
    27.5-180.0 180.0   5.0 450.0                            LAT/LON1/LON2/DLON/H
  330  274  237  216  204  194  187  181  178  176  176  180  181  175  167  164
  166  170  174  180  186  192  195  194  192  184  176  172  175  189  210  229
  241  253  276  315  364  409  438  444  437  431  429  430  442  475  534  606
  678  744  799  844  876  899  920  947  980 1012 1034 1046 1052 1052 1044 1020
  978  922  846  747  636  539  463  396  330
    25.0-180.0 180.0   5.0 450.0                            LAT/LON1/LON2/DLON/H
  415  341  284  244  220  204  193  186  180  176  175  180  185  183  177  174
  176  179  183  186  193  200  204  206  201  192  180  173  174  188  210  233
  249  264  289  328  376  424  455  469  474  479  486  494  512  555  626  710
  793  863  921  965  998 1023 1048 1082 1125 1165 1197 1218 1232 1238 1233 1212
 1173 1118 1036  917  778  658  569  493  415
    22.5-180.0 180.0   5.0 450.0                            LAT/LON1/LON2/DLON/H
  524  443  368  308  262  233  213  200  189  179  174  178  184  187  184  183
  185  188  190  193  198  205  210  213  209  198  183  172  171  184  210  238
  261  282  309  347  394  440  474  495  512  530  546  562  590  642  722  813
  897  965 1017 1055 1083 1106 1130 1167 1212 1257 1292 1321 1344 1358 1358 1341
 1311 1264 1185 1056  901  769  678  603  524
    20.0-180.0 180.0   5.0 450.0                            LAT/LON1/LON2/DLON/H
  628  550  470  396  334  287  254  231  212  194  182  182  188  192  191  192
  195  199  199  200  202  206  213  217  214  202  184  169  165  179  209  243
  274  302  332  370  415  460  496  525  554  581  606  630  666  725  808  898
  974 1028 1065 1089 1107 1124 1147 1181 1223 1265 1299 1330 1359 1380 1384 1372
 1350 1317 1250 1128  974  845  762  698  628
    17.5-180.0 180.0   5.0 450.0                            LAT/LON1/LON2/DLON/H
  697  635  562  486  416  359  316  284  256  229  208  200  201  202  202  203
  206  210  210  207  205  207  213  219  218  205  185  166  158  172  204  245
  284  320  354  392  436  480  518  554  592  627  658  689  732  794  873  950
 1006 1037 1052 1061 1070 1084 1107 1140 1178 1212 1242 1270 1302 1328 1332 1316
 1294 1268 1214 1107  970  858  791  747  697
    15.0-180.0 180.0   5.0 450.0                            LAT/LON1/LON2/DLON/H
  700  669  622  560  495  437  389  351  318  288  259  239  228  223  219  218
  220  222  221  215  209  207  212  220  220  207  185  162  151  164  198  243
  289  332  370  410  454  497  536  577  620  661  697  733  780  840  907  963
  995 1002  997  995 1000 1015 1039 1072 1105 1134 1156 1180 1210 1236 1237 1214
 1186 1159 1110 1019  901  802  747  722  700
    12.5-180.0 180.0   5.0 450.0                            LAT/LON1/LON2/DLON/H
  632  633  625  598  556  510  464  423  389  358  326  296  272  256  246  239
  236  236  232  224  214  208  212  219  221  208  184  157  144  154  189  236
  288  336  379  422  467  509  548  590  636  678  716  756  806  863  916  952
  960  947  928  919  925  942  971 1005 1037 1060 1076 1092 1118 1140 1136 1106
 1069 1036  988  906  802  709  654  634  632
    10.0-180.0 180.0   5.0 450.0                            LAT/LON1/LON2/DLON/H
  528  552  580  595  592  570  530  489  456  430  398  359  324  299  280  266
  256  251  246  234  221  212  212  219  220  209  183  153  136  144  178  227
  281  333  380  427  472  512  548  588  632  674  714  760  813  868  910  929
  922  896  871  862  871  895  928  967 1001 1023 1033 1042 1060 1076 1067 1031
  987  943  888  810  711  616  550  522  528
     7.5-180.0 180.0   5.0 450.0                            LAT/LON1/LON2/DLON/H
  432  467  520  571  606  612  582  540  510  490  461  418  374  340  315  293
  276  266  258  246  230  217  214  219  220  207  181  149  129  134  166  216
  272  325  376  424  467  503  534  570  610  652  697  748  807  861  898  908
  896  871  851  848  862  888  925  966 1004 1027 1032 1035 1045 1054 1046 1014
  970  919  855  770  666  558  473  430  432
     5.0-180.0 180.0   5.0 450.0                            LAT/LON1/LON2/DLON/H
  385  415  477  552  617  644  620  572  541  527  505  463  415  377  346  318
  294  279  269  256  238  222  216  218  217  204  178  144  124  127  156  204
  261  315  365  412  451  482  510  541  578  620  668  727  790  848  887  901
  896  882  872  875  891  917  952  993 1032 1055 1058 1054 1056 1060 1057 1038
 1002  953  887  798  688  570  464  399  385
     2.5-180.0 180.0   5.0 450.0                            LAT/LON1/LON2/DLON/H
  424  433  480  556  634  671  645  590  554  542  523  485  439  401  370  337
  307  288  274  260  243  226  218  216  214  201  174  140  119  120  148  196
  250  303  350  392  428  455  480  510  545  586  639  700  768  832  878  905
  915  916  918  928  944  966  996 1034 1070 1090 1090 1082 1077 1078 1082 1077
 1054 1013  951  866  761  640  530  456  424
