data/data_0417/JPL0OPSFIN_20251070000_01D_02H_GIM.INX
     1.0            IONOSPHERE MAPS     GPS                 IONEX VERSION / TYPE
GIM V3.0            JPL - GNISD         20-apr-2025 01:59   PGM / RUN BY / DATE 
JPLS GLOBAL IONOSPHERE MAPS YEAR  2025 DAY 107              COMMENT             
JPL's Global Ionospheric Maps (GIM) are generated on a      DESCRIPTION         
daily basis using data from GNSS sites from various         DESCRIPTION         
networks (including IGS, GDGPS, and NASA in particular).    DESCRIPTION         
See https://doi.org/10.1007/s00190-024-01860-3 for details. DESCRIPTION         
The vertical TEC is modeled in a solar-geomagnetic          DESCRIPTION         
reference frame using bi-cubic splines on a spherical grid. DESCRIPTION         
A Kalman filter is used to solve simultaneously for         DESCRIPTION         
instrumental biases and VTEC on the grid (as stochastic     DESCRIPTION         
parameters). The maps presented here are in the Earth-fixed DESCRIPTION         
reference frame.                                            DESCRIPTION         
The DCB are defined based on the GPS L1 and L2 frequencies. DESCRIPTION         
This product incorporates a 2 TECU offset, simply added to  DESCRIPTION         
all grid points as a constant.                              DESCRIPTION         
As per https://doi.org/10.1007/s00190-024-01860-3, the RMS  DESCRIPTION         
maps represent an upper bound of the Kalman filter formal   DESCRIPTION         
error; due to the choice of basis functions, this upper     DESCRIPTION         
bound is overestimated above 60 degrees of magnetic         DESCRIPTION         
latitude and should thus be carefully considered over these DESCRIPTION         
regions.                                                    DESCRIPTION         
Contact Address: camille.martire@jpl.nasa.gov               DESCRIPTION         
                 panagiotis.vergados@jpl.nasa.gov           DESCRIPTION         
  2025     4    17     0     0     0                        EPOCH OF FIRST MAP  
  2025     4    18     0     0     0                        EPOCH OF LAST MAP   
  7200                                                      INTERVAL            
    13                                                      # OF MAPS IN FILE   
  EXTSLAB (HT0=100KM, HT1=300KM, HT2=600KM, HT3=2000KM)     MAPPING FUNCTION    
    10.0                                                    ELEVATION CUTOFF    
One-way carrier phase leveled to code.                      OBSERVABLES USED    
   250                                                      # OF STATIONS       
  6371.0                                                    BASE RADIUS         
     2                                                      MAP DIMENSION       
   450.0 450.0   0.0                                        HGT1 / HGT2 / DHGT  
    87.5 -87.5  -2.5                                        LAT1 / LAT2 / DLAT  
  -180.0 180.0   5.0                                        LON1 / LON2 / DLON  
    -1                                                      EXPONENT            
TEC/RMS unit: 10^(exponent) TECU.                           COMMENT             
DCB     unit: nanosecond.                                   COMMENT             
                                                            END OF HEADER       
[from data line 4290]
    11                                                      START OF TEC MAP    
  2025     4    17    20     0     0                        EPOCH OF CURRENT MAP
    87.5-180.0 180.0   5.0 450.0                            LAT/LON1/LON2/DLON/H
  137  137  138  138  138  138  139  139  139  139  139  140  140  140  140  140
  140  139  139  139  138  138  138  138  138  138  137  137  137  136  136  136
  135  134  134  134  134  134  132  132  132  132  132  132  132  132  132  132
  132  132  132  132  132  132  132  133  133  133  133  134  134  134  134  134
  134  135  135  136  136  136  137  137  137
    85.0-180.0 180.0   5.0 450.0                            LAT/LON1/LON2/DLON/H
  144  144  145  146  147  148  148  149  150  151  151  151  152  152  152  151
  151  151  150  149  148  148  147  146  146  144  144  143  142  142  141  140
  139  138  138  137  136  134  134  133  132  131  131  131  130  130  130  130
  130  131  131  132  132  133  134  134  134  135  136  136  136  137  137  137
  138  138  139  140  140  141  142  142  144
    82.5-180.0 180.0   5.0 450.0                            LAT/LON1/LON2/DLON/H
  152  154  156  157  159  161  162  164  166  166  168  169  170  170  170  170
  169  167  166  164  162  162  160  158  157  156  154  154  152  152  151  150
  148  147  146  144  142  140  138  136  134  132  131  129  129  128  128  128
  129  130  131  132  133  134  136  136  137  138  139  140  141  141  141  142
  142  143  144  145  146  147  149  150  152
    80.0-180.0 180.0   5.0 450.0                            LAT/LON1/LON2/DLON/H
  161  163  166  168  171  174  176  179  182  184  188  190  192  193  193  193
  192  190  188  186  183  180  176  174  173  171  169  168  167  166  166  164
  163  162  160  157  154  151  147  142  139  136  132  130  128  126  126  127
  128  128  130  132  134  135  137  139  140  141  142  143  144  144  146  146
  147  148  149  151  152  154  156  159  161
    77.5-180.0 180.0   5.0 450.0                            LAT/LON1/LON2/DLON/H
  169  172  174  178  181  184  188  192  196  202  206  211  216  219  221  221
  221  219  216  212  208  203  199  194  191  188  186  185  184  184  183  182
  181  180  176  174  170  165  160  154  148  142  138  133  130  128  127  126
  127  128  130  132  134  136  138  140  141  142  144  144  146  147  148  149
  150  152  154  156  158  160  162  166  169
    75.0-180.0 180.0   5.0 450.0                            LAT/LON1/LON2/DLON/H
  174  177  180  183  186  191  195  201  208  216  225  233  241  247  252  254
  254  251  247  242  236  230  223  218  213  209  206  204  203  202  202  202
  201  199  196  193  188  182  175  168  160  152  146  140  135  132  130  129
  130  130  131  133  134  136  137  139  140  141  142  144  146  147  149  150
  152  154  156  158  161  164  168  171  174
    72.5-180.0 180.0   5.0 450.0                            LAT/LON1/LON2/DLON/H
  177  180  183  186  190  194  200  208  217  229  242  254  266  276  282  286
  286  283  279  272  265  257  250  243  236  230  226  224  221  221  221  221
  221  219  216  213  206  200  192  183  174  165  157  150  144  139  136  134
  134  134  134  134  134  134  134  135  136  137  139  141  142  144  146  149
  151  153  156  159  163  166  171  174  177
    70.0-180.0 180.0   5.0 450.0                            LAT/LON1/LON2/DLON/H
  180  182  184  187  190  195  202  211  224  239  256  272  287  300  309  313
  315  312  308  301  292  285  276  268  260  254  248  244  241  240  239  240
  240  239  236  231  225  217  208  198  188  177  168  161  154  148  144  141
  138  136  134  133  131  130  129  128  129  129  131  132  136  138  141  144
  147  151  154  158  163  168  172  176  180
    67.5-180.0 180.0   5.0 450.0                            LAT/LON1/LON2/DLON/H
  182  184  186  188  191  195  202  212  226  245  265  285  303  318  329  336
  338  336  330  324  316  309  301  292  284  277  270  264  260  258  256  256
  256  256  254  249  242  232  222  210  200  189  179  170  162  155  150  145
  141  137  132  129  125  121  118  117  116  116  118  121  124  128  132  136
  141  146  151  157  162  168  173  178  182
    65.0-180.0 180.0   5.0 450.0                            LAT/LON1/LON2/DLON/H
  184  186  188  189  191  194  199  210  225  245  268  290  311  329  342  350
  354  353  348  342  335  329  322  315  306  299  290  284  279  274  272  272
  272  271  268  262  255  245  233  221  209  197  186  176  166  159  151  144
  138  132  125  119  113  108  104  101  100  100  101  104  108  113  119  126
  132  140  147  154  162  169  174  180  184
    62.5-180.0 180.0   5.0 450.0                            LAT/LON1/LON2/DLON/H
  188  190  192  192  191  192  196  204  219  239  262  288  312  332  348  359
  363  363  360  354  349  344  339  332  326  318  310  303  296  292  288  286
  285  282  279  272  263  252  240  226  213  200  188  176  165  154  145  136
  127  119  111  104   98   93   88   84   83   83   84   87   93   98  106  114
  124  134  143  152  162  171  177  184  188
    60.0-180.0 180.0   5.0 450.0                            LAT/LON1/LON2/DLON/H
  194  196  198  196  194  191  192  197  209  227  251  278  304  328  347  360
  367  368  366  363  358  356  353  348  341  335  328  320  314  309  304  300
  296  292  286  278  268  256  242  228  214  199  185  170  157  144  132  122
  112  104   96   89   83   78   75   72   72   72   72   76   82   88   98  108
  119  130  142  154  164  174  183  189  194
    57.5-180.0 180.0   5.0 450.0                            LAT/LON1/LON2/DLON/H
  202  206  206  203  199  193  190  192  199  214  236  262  290  316  340  356
  365  369  369  367  366  364  362  359  354  348  342  336  330  324  318  312
  305  299  291  282  270  256  242  226  209  192  175  159  143  130  117  106
   97   89   82   78   74   72   70   70   70   71   72   75   80   88   97  108
  120  133  146  158  170  181  189  196  202
    55.0-180.0 180.0   5.0 450.0                            LAT/LON1/LON2/DLON/H
  214  216  218  214  209  201  194  190  194  204  222  246  273  302  327  347
  360  366  369  370  370  370  368  365  362  358  354  350  345  339  331  323
  314  305  295  283  271  255  239  220  201  182  162  145  130  116  104   95
   87   82   78   76   75   77   79   81   83   84   87   88   93  100  108  119
  131  144  156  169  180  190  200  208  214
    52.5-180.0 180.0   5.0 450.0                            LAT/LON1/LON2/DLON/H
  226  230  231  229  223  214  206  199  196  200  211  231  258  286  315  337
  353  363  369  371  372  372  371  369  366  366  364  361  357  351  343  332
  321  310  298  286  271  254  235  214  192  171  152  134  120  109  100   93
   89   86   85   86   90   94  100  105  109  112  113  114  118  124  132  141
  152  163  174  185  195  204  213  220  226
    50.0-180.0 180.0   5.0 450.0                            LAT/LON1/LON2/DLON/H
  241  245  246  245  240  232  223  214  207  204  208  222  246  274  303  328
  346  360  368  372  375  375  374  373  371  372  373  371  368  361  352  340
  326  314  302  288  272  253  231  208  184  162  144  129  118  112  108  104
  103  102  103  107  113  121  128  136  141  144  146  146  148  153  160  169
  178  188  196  206  214  222  229  236  241
    47.5-180.0 180.0   5.0 450.0                            LAT/LON1/LON2/DLON/H
  256  260  262  262  259  253  245  235  224  216  213  220  240  266  295  320
  342  357  368  374  378  380  379  378  378  380  382  381  377  369  358  344
  330  318  306  292  274  252  228  203  179  158  141  132  127  126  126  126
  125  126  128  132  140  148  157  164  171  174  175  175  176  181  187  196
  204  213  220  228  234  241  246  252  256
    45.0-180.0 180.0   5.0 450.0                            LAT/LON1/LON2/DLON/H
  271  274  276  278  276  274  268  259  246  233  224  226  241  265  292  318
  340  358  370  379  386  388  389  388  389  392  394  392  385  373  360  346
  334  322  311  296  276  252  226  200  176  158  146  142  142  146  149  150
  150  150  152  156  164  172  179  186  190  193  194  195  196  200  208  216
  226  234  242  249  254  260  264  268  271
    42.5-180.0 180.0   5.0 450.0                            LAT/LON1/LON2/DLON/H
  286  289  291  292  294  294  292  284  271  255  243  240  251  271  296  320
  343  362  376  388  397  403  406  405  407  409  410  405  393  377  362  349
  338  329  318  302  280  253  224  199  177  162  156  156  162  169  172  171
  170  168  169  174  181  186  191  194  196  198  199  200  204  209  216  226
  237  248  257  265  271  276  280  284  286
    40.0-180.0 180.0   5.0 450.0                            LAT/LON1/LON2/DLON/H
  301  304  306  309  312  315  314  308  296  282  269  264  270  286  307  330
  351  370  387  401  414  423  427  428  428  430  428  420  403  383  366  355
  346  338  328  310  284  254  225  199  181  170  167  172  181  188  188  185
  180  177  179  185  192  196  196  195  194  194  196  199  204  209  216  228
  241  254  266  274  282  289  294  298  301
    37.5-180.0 180.0   5.0 450.0                            LAT/LON1/LON2/DLON/H
  316  320  323  327  332  336  337  333  325  314  304  300  302  313  329  347
  366  385  402  419  435  446  451  452  452  450  447  436  416  393  376  366
  362  356  344  322  292  258  228  204  186  179  179  188  196  200  196  188
  183  182  188  198  206  208  205  199  195  193  194  199  204  209  216  226
  241  256  270  281  290  298  306  312  316
    35.0-180.0 180.0   5.0 450.0                            LAT/LON1/LON2/DLON/H
  332  339  344  349  355  359  361  360  356  352  347  345  346  352  361  374
  390  407  424  442  459  470  476  476  473  470  465  452  430  408  393  388
  386  380  367  341  306  268  235  212  196  190  192  200  207  208  199  190
  188  193  206  220  231  231  224  214  206  203  204  208  212  216  220  229
  242  259  273  285  296  306  316  325  332
    32.5-180.0 180.0   5.0 450.0                            LAT/LON1/LON2/DLON/H
  350  360  368  375  380  385  387  388  390  393  396  398  399  400  403  410
  420  436  453  470  485  495  498  495  490  486  480  468  448  428  416  416
  418  412  396  366  326  285  251  227  212  204  206  213  219  216  206  199
  203  220  242  262  274  273  264  251  240  234  232  233  236  236  236  240
  250  264  278  291  304  316  328  340  350
    30.0-180.0 180.0   5.0 450.0                            LAT/LON1/LON2/DLON/H
  368  382  394  404  410  415  416  419  425  436  448  456  458  456  454  455
  462  474  488  503  515  520  519  512  504  498  494  485  469  454  449  453
  456  450  431  400  357  313  276  249  231  223  223  229  233  229  220  220
  238  271  305  330  340  336  324  308  292  282  276  274  273  270  264  261
  265  276  289  301  314  327  341  355  368
    27.5-180.0 180.0   5.0 450.0                            LAT/LON1/LON2/DLON/H
  389  405  421  435  444  448  448  452  462  481  502  515  519  518  514  510
  514  522  534  545  550  548  540  528  518  511  509  506  497  488  488  495
  498  490  472  440  396  349  306  275  255  245  244  250  253  250  248  260
  296  346  390  414  417  408  390  370  351  336  326  320  316  309  298  286
  284  291  302  315  330  343  358  373  389
    25.0-180.0 180.0   5.0 450.0                            LAT/LON1/LON2/DLON/H
  408  427  448  466  478  482  483  487  500  526  554  574  582  584  581  578
  578  584  590  595  593  584  568  550  537  530  530  533  532  532  537  544
  544  533  515  484  438  385  336  300  280  272  272  279  282  282  288  314
  366  430  479  496  490  473  450  425  402  383  369  361  354  345  328  310
  302  305  316  330  346  362  376  391  408
    22.5-180.0 180.0   5.0 450.0                            LAT/LON1/LON2/DLON/H
  428  449  474  498  513  520  521  525  542  572  608  633  647  654  657  656
  655  657  660  658  647  627  603  582  565  558  562  570  578  585  594  598
  590  575  555  524  473  414  358  320  302  301  306  313  317  320  332  369
  432  504  552  560  542  516  487  458  432  410  396  386  380  369  349  326
  312  314  326  344  363  380  396  410  428
    20.0-180.0 180.0   5.0 450.0                            LAT/LON1/LON2/DLON/H
  448  470  500  530  550  560  562  568  586  622  662  694  714  728  738  742
  743  743  741  732  713  682  651  624  606  600  605  618  630  644  654  653
  636  613  589  554  497  427  364  327  320  331  343  352  355  358  375  416
  481  551  590  586  557  524  492  460  432  410  398  392  386  376  354  327
  311  314  330  353  377  398  414  429  448
    17.5-180.0 180.0   5.0 450.0                            LAT/LON1/LON2/DLON/H
  469  495  530  565  590  602  608  615  636  674  718  756  784  806  824  834
  837  835  830  816  786  746  707  677  658  650  655  670  685  700  710  704
  677  645  614  570  501  420  353  325  336  361  380  389  390  393  410  446
  502  557  582  568  535  500  467  437  410  391  382  380  378  369  346  316
  299  304  326  356  386  412  432  450  469
    15.0-180.0 180.0   5.0 450.0                            LAT/LON1/LON2/DLON/H
  492  522  562  604  632  648  656  665  688  728  777  821  856  886  910  926
  931  929  921  901  863  815  768  734  713  704  707  720  735  748  755  744
  710  668  628  570  490  403  338  324  353  393  415  420  418  420  433  458
  495  530  541  522  489  456  428  402  378  363  358  360  362  354  329  298
  281  289  316  353  390  423  448  470  492
    12.5-180.0 180.0   5.0 450.0                            LAT/LON1/LON2/DLON/H
  519  555  601  647  680  698  706  717  740  782  834  886  930  966  994 1013
 1020 1018 1010  985  939  883  831  792  768  757  757  765  774  781  782  767
  730  684  632  566  480  393  336  336  380  427  446  443  436  438  445  456
  473  487  485  464  436  410  388  366  347  336  334  338  342  335  310  278
  261  272  304  346  390  430  462  490  519
    10.0-180.0 180.0   5.0 450.0                            LAT/LON1/LON2/DLON/H
  546  590  644  695  730  750  758  768  790  830  884  943  994 1036 1068 1088
 1097 1098 1090 1062 1011  947  888  847  819  804  798  798  798  795  790  773
  739  692  636  566  482  404  362  376  428  470  474  458  446  447  450  449
  447  444  433  414  394  375  359  343  328  320  319  322  325  319  293  260
  244  256  292  339  389  435  474  509  546
     7.5-180.0 180.0   5.0 450.0                            LAT/LON1/LON2/DLON/H
  568  623  686  744  783  803  809  815  833  868  921  983 1041 1087 1120 1143
 1154 1159 1154 1126 1071 1002  940  893  862  843  830  821  808  793  779  764
  736  694  642  577  508  452  430  451  494  516  498  465  448  449  450  442
  429  416  402  388  374  360  347  334  324  317  313  312  313  306  281  250
  233  246  282  332  386  436  481  523  568
     5.0-180.0 180.0   5.0 450.0                            LAT/LON1/LON2/DLON/H
  585  649  722  788  833  854  857  856  865  892  938  997 1057 1105 1141 1166
 1182 1193 1193 1168 1113 1043  978  930  897  874  854  833  807  778  758  743
  722  690  652  607  565  535  528  545  566  558  516  466  443  445  447  438
  423  408  394  382  370  359  345  334  326  320  311  304  302  294  272  242
  226  239  275  328  383  435  483  530  585
     2.5-180.0 180.0   5.0 450.0                            LAT/LON1/LON2/DLON/H
  590  665  748  825  876  900  902  894  891  903  933  980 1033 1080 1119 1149
 1173 1192 1200 1181 1132 1065 1003  956  923  896  868  836  796  756  727  711
  697  680  664  647  633  627  628  632  625  587  522  460  434  436  440  434
  423  409  395  382  371  358  343  332  327  320  306  294  288  280  261  235
  220  232  268  320  378  430  478  529  590
