data/data_0417/JPL0OPSFIN_20251070000_01D_02H_GIM.INX
     1.0            IONOSPHERE MAPS     GPS                 IONEX VERSION / TYPE
GIM V3.0            JPL - GNISD         20-apr-2025 01:59   PGM / RUN BY / DATE 
JPLS GLOBAL IONOSPHERE MAPS YEAR  2025 DAY 107              COMMENT             
JPL's Global Ionospheric Maps (GIM) are generated on a      DESCRIPTION         
daily basis using data from GNSS sites from various         DESCRIPTION         
networks (including IGS, GDGPS, and NASA in particular).    DESCRIPTION         
See https://doi.org/10.1007/s00190-024-01860-3 for details. DESCRIPTION         
The vertical TEC is modeled in a solar-geomagnetic          DESCRIPTION         
reference frame using bi-cubic splines on a spherical grid. DESCRIPTION         
A Kalman filter is used to solve simultaneously for         DESCRIPTION         
instrumental biases and VTEC on the grid (as stochastic     DESCRIPTION         
parameters). The maps presented here are in the Earth-fixed DESCRIPTION         
reference frame.                                            DESCRIPTION         
The DCB are defined based on the GPS L1 and L2 frequencies. DESCRIPTION         
This product incorporates a 2 TECU offset, simply added to  DESCRIPTION         
all grid points as a constant.                              DESCRIPTION         
As per https://doi.org/10.1007/s00190-024-01860-3, the RMS  DESCRIPTION         
maps represent an upper bound of the Kalman filter formal   DESCRIPTION         
error; due to the choice of basis functions, this upper     DESCRIPTION         
bound is overestimated above 60 degrees of magnetic         DESCRIPTION         
latitude and should thus be carefully considered over these DESCRIPTION         
regions.                                                    DESCRIPTION         
Contact Address: camille.martire@jpl.nasa.gov               DESCRIPTION         
                 panagiotis.vergados@jpl.nasa.gov           DESCRIPTION         
  2025     4    17     0     0     0                        EPOCH OF FIRST MAP  
  2025     4    18     0     0     0                        EPOCH OF LAST MAP   
  7200                                                      INTERVAL            
    13                                                      # OF MAPS IN FILE   
  EXTSLAB (HT0=100KM, HT1=300KM, HT2=600KM, HT3=2000KM)     MAPPING FUNCTION    
    10.0                                                    ELEVATION CUTOFF    
One-way carrier phase leveled to code.                      OBSERVABLES USED    
   250                                                      # OF STATIONS       
  6371.0                                                    BASE RADIUS         
     2                                                      MAP DIMENSION       
   450.0 450.0   0.0                                        HGT1 / HGT2 / DHGT  
    87.5 -87.5  -2.5                                        LAT1 / LAT2 / DLAT  
  -180.0 180.0   5.0                                        LON1 / LON2 / DLON  
    -1                                                      EXPONENT            
TEC/RMS unit: 10^(exponent) TECU.                           COMMENT             
DCB     unit: nanosecond.                                   COMMENT             
                                                            END OF HEADER       
[from data line 3003]
     8                                                      START OF TEC MAP    
  2025     4    17    14     0     0                        EPOCH OF CURRENT MAP
    87.5-180.0 180.0   5.0 450.0                            LAT/LON1/LON2/DLON/H
  154  154  154  154  154  154  154  154  154  153  153  152  152  152  152  152
  152  152  152  152  152  152  152  152  152  153  154  154  154  154  154  156
  156  157  157  158  158  158  158  160  160  161  162  162  162  162  162  163
  164  164  164  164  164  164  163  163  162  162  162  161  161  160  159  159
  158  158  157  157  156  156  155  154  154
    85.0-180.0 180.0   5.0 450.0                            LAT/LON1/LON2/DLON/H
  150  151  151  151  152  152  152  152  153  153  153  153  152  152  152  152
  152  151  151  150  150  150  150  150  150  151  151  152  152  154  154  155
  156  157  158  159  160  161  163  164  165  166  167  168  169  170  170  171
  172  172  172  172  172  172  172  171  170  169  168  166  164  163  162  160
  158  157  155  154  152  152  151  151  150
    82.5-180.0 180.0   5.0 450.0                            LAT/LON1/LON2/DLON/H
  145  146  147  148  150  151  153  154  156  156  157  157  157  157  156  154
  154  153  152  151  151  151  151  151  152  152  153  154  156  157  158  160
  161  162  164  164  166  167  169  170  171  172  174  174  176  178  179  180
  181  182  182  183  183  183  182  181  180  178  176  174  171  168  164  161
  158  154  152  150  148  147  146  145  145
    80.0-180.0 180.0   5.0 450.0                            LAT/LON1/LON2/DLON/H
  141  142  144  146  148  151  154  156  159  161  162  163  162  162  162  161
  159  158  157  156  155  155  155  156  158  160  162  164  166  167  169  170
  172  173  173  174  174  174  176  176  178  179  180  181  183  184  186  187
  189  190  191  192  193  193  193  192  190  189  186  183  179  174  170  164
  160  155  151  147  144  142  141  140  141
    77.5-180.0 180.0   5.0 450.0                            LAT/LON1/LON2/DLON/H
  137  138  140  142  146  149  153  157  160  163  166  168  169  169  168  167
  166  166  164  164  164  164  166  168  171  173  176  179  182  184  185  186
  186  186  186  185  184  184  183  183  184  184  185  186  188  190  192  193
  195  196  199  200  202  203  204  204  204  202  200  196  191  186  180  173
  166  160  154  149  144  141  138  137  137
    75.0-180.0 180.0   5.0 450.0                            LAT/LON1/LON2/DLON/H
  136  135  136  138  142  145  149  154  158  162  166  169  172  173  174  174
  174  174  175  176  177  180  182  185  189  193  196  199  201  203  204  204
  203  202  200  198  195  193  191  190  190  190  190  191  192  193  194  196
  198  200  203  205  208  210  213  215  216  216  214  211  206  200  193  186
  178  171  163  156  150  144  140  137  136
    72.5-180.0 180.0   5.0 450.0                            LAT/LON1/LON2/DLON/H
  137  134  132  133  136  138  143  148  152  157  162  166  170  174  176  179
  182  184  186  189  193  197  201  205  210  214  218  221  222  222  222  220
  218  215  212  208  205  202  198  196  194  193  193  193  193  193  194  196
  198  201  204  208  211  215  219  222  225  226  225  223  219  213  206  199
  190  182  174  167  160  152  147  141  137
    70.0-180.0 180.0   5.0 450.0                            LAT/LON1/LON2/DLON/H
  139  134  130  128  128  131  134  139  144  150  155  161  166  171  176  181
  186  192  197  204  210  216  220  226  230  235  239  240  240  239  236  233
  229  226  222  217  212  208  204  201  199  196  196  194  193  193  193  194
  196  199  202  206  211  216  221  225  228  231  231  229  225  220  214  206
  199  191  183  176  168  161  153  146  139
    67.5-180.0 180.0   5.0 450.0                            LAT/LON1/LON2/DLON/H
  139  132  126  122  121  123  126  130  135  140  146  152  158  164  172  180
  188  196  206  216  226  233  239  244  248  253  256  256  254  251  246  242
  238  234  229  224  219  214  209  205  202  199  198  195  194  192  192  192
  193  196  199  203  208  212  216  221  224  226  226  225  222  216  211  204
  196  190  184  178  171  164  156  148  139
    65.0-180.0 180.0   5.0 450.0                            LAT/LON1/LON2/DLON/H
  137  128  121  116  114  114  117  121  126  131  136  142  149  157  165  175
  186  199  213  226  238  246  252  256  260  264  266  267  265  261  256  252
  247  243  238  233  226  219  212  208  204  201  199  196  194  192  190  190
  191  193  196  199  202  204  208  210  212  213  212  209  205  199  193  186
  180  175  171  167  164  160  154  145  137
    62.5-180.0 180.0   5.0 450.0                            LAT/LON1/LON2/DLON/H
  131  123  116  110  108  107  109  113  117  122  128  134  141  149  158  170
  182  199  216  234  248  258  263  266  269  272  275  276  274  272  268  264
  261  256  251  244  235  226  216  210  205  202  200  197  195  192  191  190
  191  192  194  195  196  196  196  196  196  195  193  188  183  176  168  160
  152  148  144  144  144  144  142  138  131
    60.0-180.0 180.0   5.0 450.0                            LAT/LON1/LON2/DLON/H
  122  116  110  105  102  101  102  105  110  114  121  127  134  142  152  162
  178  196  219  240  256  266  272  274  276  280  282  284  284  284  284  284
  282  278  271  260  247  234  222  212  206  203  201  198  196  194  193  192
  193  194  195  195  194  193  191  188  186  182  177  171  162  154  144  134
  125  118  116  116  120  124  126  126  122
    57.5-180.0 180.0   5.0 450.0                            LAT/LON1/LON2/DLON/H
  114  110  105  100   96   94   95   98  103  109  116  123  131  138  146  156
  173  194  221  245  264  275  280  282  285  288  292  295  298  302  308  311
  311  305  294  279  261  243  226  215  208  204  201  200  198  197  198  198
  200  200  202  201  199  196  193  189  185  179  173  164  154  144  132  119
  107   98   93   94  100  107  112  114  114
    55.0-180.0 180.0   5.0 450.0                            LAT/LON1/LON2/DLON/H
  110  107  103   97   92   89   88   92   98  105  113  122  129  135  141  151
  167  193  222  250  272  284  290  293  296  300  305  310  316  325  335  342
  343  336  321  300  275  251  230  217  209  205  203  203  203  205  206  209
  212  214  214  215  214  212  209  204  200  193  186  178  167  154  141  124
  109   96   88   87   92   98  106  109  110
    52.5-180.0 180.0   5.0 450.0                            LAT/LON1/LON2/DLON/H
  111  108  103   96   88   84   83   86   92  101  111  121  129  134  138  146
  163  190  224  256  280  294  302  308  312  318  322  328  336  348  361  372
  375  367  348  320  287  257  234  219  211  208  207  209  213  218  222  227
  230  234  236  238  240  240  237  233  228  222  215  207  196  185  171  154
  136  121  109  104  104  106  110  112  111
    50.0-180.0 180.0   5.0 450.0                            LAT/LON1/LON2/DLON/H
  120  114  107   97   88   82   78   81   87   98  111  122  131  135  138  144
  160  190  226  261  288  304  316  324  330  337  343  348  356  369  385  398
  401  391  369  336  298  262  236  220  214  212  214  220  228  238  246  253
  257  260  263  266  270  271  270  266  260  254  248  240  232  223  210  196
  179  162  148  140  136  132  130  124  120
    47.5-180.0 180.0   5.0 450.0                            LAT/LON1/LON2/DLON/H
  135  125  114  102   92   82   77   77   84   96  112  126  134  138  140  144
  160  190  230  267  296  315  330  341  350  358  364  369  376  388  403  415
  419  410  387  351  310  270  241  224  218  219  225  236  250  265  276  282
  286  289  291  295  298  299  296  292  286  279  273  267  261  255  247  236
  222  208  194  184  176  168  158  146  135
    45.0-180.0 180.0   5.0 450.0                            LAT/LON1/LON2/DLON/H
  153  138  124  111   98   87   80   77   83   96  114  130  141  145  144  148
  163  194  233  272  302  326  344  358  371  380  385  389  394  403  415  426
  430  424  405  371  329  286  252  231  224  228  239  256  276  294  306  312
  314  315  316  319  319  317  312  304  296  287  280  274  272  269  267  262
  254  244  233  224  214  202  186  170  153
    42.5-180.0 180.0   5.0 450.0                            LAT/LON1/LON2/DLON/H
  170  152  137  123  110   97   86   81   85   99  118  136  148  153  152  154
  169  198  237  276  308  334  356  376  391  400  405  408  410  416  426  436
  442  441  429  400  359  313  272  246  235  239  254  276  301  320  332  336
  336  335  335  334  329  319  306  295  285  274  264  259  256  259  261  262
  260  256  251  246  239  228  210  190  170
    40.0-180.0 180.0   5.0 450.0                            LAT/LON1/LON2/DLON/H
  183  164  149  136  124  111   97   88   90  103  122  141  155  161  162  164
  177  205  243  280  313  342  369  393  410  420  426  426  427  430  438  448
  459  466  463  444  406  357  306  268  250  252  268  292  320  340  349  350
  347  346  345  343  330  313  295  281  270  258  246  239  237  240  244  247
  249  248  246  244  242  235  222  203  183
    37.5-180.0 180.0   5.0 450.0                            LAT/LON1/LON2/DLON/H
  190  174  160  149  138  127  111   98   97  108  127  146  161  170  172  175
  188  214  250  286  319  350  380  408  428  440  445  446  446  449  457  470
  487  503  512  502  469  415  352  298  270  266  280  304  330  347  354  354
  352  353  357  355  339  316  294  282  273  263  251  240  235  234  234  236
  237  236  234  234  234  230  221  206  190
    35.0-180.0 180.0   5.0 450.0                            LAT/LON1/LON2/DLON/H
  194  180  169  160  153  142  126  111  106  116  132  151  166  176  182  188
  202  227  260  295  328  360  392  422  444  457  464  467  470  475  486  503
  526  554  572  570  540  481  406  337  296  282  291  311  332  348  355  356
  359  368  379  381  366  343  323  317  316  312  302  288  274  263  255  250
  246  243  236  233  230  226  219  207  194
    32.5-180.0 180.0   5.0 450.0                            LAT/LON1/LON2/DLON/H
  201  186  176  170  166  157  141  124  118  124  139  154  170  183  192  202
  218  242  274  306  339  372  404  434  457  473  483  490  498  509  524  547
  578  613  640  643  614  550  464  382  327  303  304  319  336  352  362  370
  381  400  422  432  425  408  399  406  420  427  420  402  376  348  325  309
  298  286  272  260  250  241  229  216  201
    30.0-180.0 180.0   5.0 450.0                            LAT/LON1/LON2/DLON/H
  218  200  186  180  177  170  156  140  132  135  146  158  173  188  202  216
  235  260  290  322  354  385  416  444  467  486  500  516  531  550  572  601
  639  679  709  715  684  617  523  432  366  332  324  332  349  367  385  404
  428  460  494  515  519  514  519  542  571  591  589  567  528  483  442  415
  398  380  359  335  310  286  262  240  218
    27.5-180.0 180.0   5.0 450.0                            LAT/LON1/LON2/DLON/H
  251  222  202  192  189  183  171  157  148  149  154  164  176  192  211  230
  252  278  308  340  370  400  427  453  476  497  519  542  568  596  627  663
  705  748  778  780  747  676  580  486  414  371  356  360  378  403  433  467
  506  548  588  615  626  633  650  686  728  758  762  737  688  626  574  541
  522  506  484  452  414  371  328  287  251
    25.0-180.0 180.0   5.0 450.0                            LAT/LON1/LON2/DLON/H
  302  258  226  209  202  196  186  174  164  162  164  169  180  197  219  243
  268  295  326  358  388  414  438  460  482  507  538  572  610  649  690  732
  777  817  841  837  800  728  635  542  470  425  405  408  429  463  506  553
  600  644  682  707  721  733  758  799  847  882  889  865  811  743  685  654
  640  632  614  582  535  478  416  356  302
    22.5-180.0 180.0   5.0 450.0                            LAT/LON1/LON2/DLON/H
  360  302  258  231  218  211  200  189  180  175  173  174  183  201  226  253
  280  309  341  374  404  428  447  465  486  516  556  605  657  707  756  803
  847  882  896  884  841  770  684  602  537  494  472  474  498  538  591  646
  694  730  755  768  776  786  808  844  885  917  924  904  855  792  742  721
  721  724  718  691  642  578  504  430  360
    20.0-180.0 180.0   5.0 450.0                            LAT/LON1/LON2/DLON/H
  412  344  291  256  236  224  214  201  191  184  179  178  186  206  232  261
  290  320  354  388  418  440  455  469  489  523  575  638  705  766  822  872
  912  937  940  917  869  802  728  662  610  574  551  550  575  620  677  732
  771  788  787  776  765  762  772  792  817  836  842  828  794  750  718  714
  730  752  763  748  707  644  569  488  412
    17.5-180.0 180.0   5.0 450.0                            LAT/LON1/LON2/DLON/H
  442  374  318  277  252  237  224  210  197  189  182  180  189  210  238  268
  299  330  366  400  430  450  462  473  493  532  595  672  750  819  879  929
  964  978  967  934  883  824  767  720  685  656  633  629  651  697  752  797
  815  801  766  725  693  675  670  674  678  682  685  681  665  643  633  645
  675  709  732  730  702  653  588  515  442
    15.0-180.0 180.0   5.0 450.0                            LAT/LON1/LON2/DLON/H
  439  383  332  292  265  247  231  214  198  186  180  180  191  214  244  276
  308  342  378  414  444  462  470  478  498  542  615  703  788  861  922  969
  997  998  974  932  884  837  798  771  752  731  708  700  719  760  806  834
  827  779  710  642  591  560  544  532  519  510  510  515  516  516  523  547
  584  622  650  654  634  598  551  496  439
    12.5-180.0 180.0   5.0 450.0                            LAT/LON1/LON2/DLON/H
  404  367  330  298  273  255  236  214  196  182  175  177  193  221  254  289
  321  355  392  428  458  475  480  486  508  558  636  728  816  887  944  985
 1005  997  965  921  878  845  824  814  807  790  768  756  770  806  839  850
  818  743  647  558  492  452  430  410  388  372  372  383  396  408  425  453
  489  526  552  554  536  509  476  441  404
    10.0-180.0 180.0   5.0 450.0                            LAT/LON1/LON2/DLON/H
  354  335  314  294  276  261  240  216  192  176  170  175  195  228  266  304
  338  372  408  445  474  489  493  500  525  578  658  748  830  893  943  980
  996  983  948  909  876  856  848  848  844  828  804  792  804  832  856  851
  803  710  599  499  426  384  367  353  334  321  325  339  351  361  374  393
  421  452  470  465  443  418  394  373  354
     7.5-180.0 180.0   5.0 450.0                            LAT/LON1/LON2/DLON/H
  307  302  295  286  276  264  244  216  190  172  164  173  197  235  280  321
  357  392  428  464  491  505  509  516  546  602  680  763  832  885  927  960
  976  965  935  904  884  876  875  873  864  843  818  807  817  840  856  845
  792  698  589  490  418  380  372  371  365  362  370  382  385  381  379  385
  404  427  436  419  386  353  329  314  307
     5.0-180.0 180.0   5.0 450.0                            LAT/LON1/LON2/DLON/H
  281  281  281  279  276  267  248  220  192  171  163  172  199  243  292  338
  376  413  448  483  509  522  526  536  568  627  700  770  826  868  902  934
  954  951  933  918  910  907  902  890  868  839  812  800  808  828  842  833
  792  714  618  528  458  425  428  443  452  461  473  478  465  440  418  410
  422  444  452  430  387  342  306  286  281
     2.5-180.0 180.0   5.0 450.0                            LAT/LON1/LON2/DLON/H
  288  281  278  278  276  270  252  224  195  174  164  173  201  249  304  354
  395  432  468  502  527  540  544  555  590  648  712  770  812  844  874  908
  936  946  945  945  945  940  924  896  858  818  785  771  777  794  812  816
  795  742  668  590  526  498  512  542  567  584  595  588  555  508  467  448
  455  479  492  473  428  376  332  302  288
