data/data_0417/JPL0OPSFIN_20251070000_01D_02H_GIM.INX
     1.0            IONOSPHERE MAPS     GPS                 IONEX VERSION / TYPE
GIM V3.0            JPL - GNISD         20-apr-2025 01:59   PGM / RUN BY / DATE 
JPLS GLOBAL IONOSPHERE MAPS YEAR  2025 DAY 107              COMMENT             
JPL's Global Ionospheric Maps (GIM) are generated on a      DESCRIPTION         
daily basis using data from GNSS sites from various         DESCRIPTION         
networks (including IGS, GDGPS, and NASA in particular).    DESCRIPTION         
See https://doi.org/10.1007/s00190-024-01860-3 for details. DESCRIPTION         
The vertical TEC is modeled in a solar-geomagnetic          DESCRIPTION         
reference frame using bi-cubic splines on a spherical grid. DESCRIPTION         
A Kalman filter is used to solve simultaneously for         DESCRIPTION         
instrumental biases and VTEC on the grid (as stochastic     DESCRIPTION         
parameters). The maps presented here are in the Earth-fixed DESCRIPTION         
reference frame.                                            DESCRIPTION         
The DCB are defined based on the GPS L1 and L2 frequencies. DESCRIPTION         
This product incorporates a 2 TECU offset, simply added to  DESCRIPTION         
all grid points as a constant.                              DESCRIPTION         
As per https://doi.org/10.1007/s00190-024-01860-3, the RMS  DESCRIPTION         
maps represent an upper bound of the Kalman filter formal   DESCRIPTION         
error; due to the choice of basis functions, this upper     DESCRIPTION         
bound is overestimated above 60 degrees of magnetic         DESCRIPTION         
latitude and should thus be carefully considered over these DESCRIPTION         
regions.                                                    DESCRIPTION         
Contact Address: camille.martire@jpl.nasa.gov               DESCRIPTION         
                 panagiotis.vergados@jpl.nasa.gov           DESCRIPTION         
  2025     4    17     0     0     0                        EPOCH OF FIRST MAP  
  2025     4    18     0     0     0                        EPOCH OF LAST MAP   
  7200                                                      INTERVAL            
    13                                                      # OF MAPS IN FILE   
  EXTSLAB (HT0=100KM, HT1=300KM, HT2=600KM, HT3=2000KM)     MAPPING FUNCTION    
    10.0                                                    ELEVATION CUTOFF    
One-way carrier phase leveled to code.                      OBSERVABLES USED    
   250                                                      # OF STATIONS       
  6371.0                                                    BASE RADIUS         
     2                                                      MAP DIMENSION       
   450.0 450.0   0.0                                        HGT1 / HGT2 / DHGT  
    87.5 -87.5  -2.5                                        LAT1 / LAT2 / DLAT  
  -180.0 180.0   5.0                                        LON1 / LON2 / DLON  
    -1                                                      EXPONENT            
TEC/RMS unit: 10^(exponent) TECU.                           COMMENT             
DCB     unit: nanosecond.                                   COMMENT             
                                                            END OF HEADER       
[from data line 2145]
     6                                                      START OF TEC MAP    
  2025     4    17    10     0     0                        EPOCH OF CURRENT MAP
    87.5-180.0 180.0   5.0 450.0                            LAT/LON1/LON2/DLON/H
  130  129  129  128  128  128  128  128  128  128  128  128  128  128  128  129
  129  130  130  130  131  131  132  132  132  133  134  134  134  134  136  136
  136  136  137  137  137  137  137  137  137  137  137  137  137  137  137  137
  137  137  137  137  137  136  136  136  136  136  135  135  134  134  134  134
  133  132  132  132  132  131  131  130  130
    85.0-180.0 180.0   5.0 450.0                            LAT/LON1/LON2/DLON/H
  130  128  127  127  126  125  125  124  124  124  124  125  125  126  126  127
  128  128  130  131  132  132  134  134  136  137  137  138  139  140  141  142
  142  143  143  144  144  144  144  144  144  144  144  144  144  144  144  144
  144  144  143  143  143  143  143  143  142  142  142  142  141  141  140  139
  138  137  136  135  134  132  132  131  130
    82.5-180.0 180.0   5.0 450.0                            LAT/LON1/LON2/DLON/H
  131  129  127  125  124  123  122  121  121  121  121  122  123  124  124  126
  128  128  130  132  133  135  136  138  140  141  142  144  146  146  148  150
  151  152  152  152  154  154  154  154  154  154  154  152  152  152  151  151
  151  151  151  151  151  152  152  152  152  152  152  152  152  151  150  149
  148  146  144  142  140  138  136  134  131
    80.0-180.0 180.0   5.0 450.0                            LAT/LON1/LON2/DLON/H
  134  131  127  124  122  120  119  118  118  118  118  120  121  122  124  126
  127  129  131  134  136  137  139  141  144  146  148  150  152  154  156  158
  159  161  162  162  163  164  164  164  164  164  163  162  161  160  160  159
  159  158  159  160  161  162  163  164  166  166  168  168  167  166  166  164
  162  159  156  152  149  145  142  138  134
    77.5-180.0 180.0   5.0 450.0                            LAT/LON1/LON2/DLON/H
  138  134  128  124  121  118  116  114  114  114  115  117  118  121  123  125
  128  130  132  134  137  140  142  144  147  149  152  154  157  160  162  164
  166  168  169  171  172  174  174  174  174  174  173  172  170  169  167  166
  166  166  166  169  171  174  176  180  183  185  187  189  189  188  186  184
  181  176  172  166  162  156  150  144  138
    75.0-180.0 180.0   5.0 450.0                            LAT/LON1/LON2/DLON/H
  146  138  131  124  120  116  112  111  110  110  111  113  115  118  121  123
  126  129  132  134  137  140  142  146  148  152  155  158  161  164  166  169
  171  173  174  176  179  180  182  183  183  182  181  180  178  176  174  173
  173  173  174  177  181  186  191  196  202  206  209  211  212  212  210  207
  203  198  192  184  177  169  161  153  146
    72.5-180.0 180.0   5.0 450.0                            LAT/LON1/LON2/DLON/H
  154  145  136  128  120  114  109  106  104  104  105  107  110  113  116  120
  123  126  130  132  136  139  142  146  149  152  157  161  164  168  171  173
  175  177  180  182  183  185  187  188  189  188  187  184  183  180  178  177
  177  179  181  186  191  198  204  212  218  224  229  233  234  234  233  230
  225  219  212  203  194  185  174  164  154
    70.0-180.0 180.0   5.0 450.0                            LAT/LON1/LON2/DLON/H
  166  154  142  132  122  114  107  102   98   98   98  100  103  106  110  114
  117  122  126  129  133  137  141  144  148  153  157  162  166  170  173  176
  179  181  183  185  187  189  190  192  192  191  190  188  184  183  181  180
  181  183  186  192  199  206  214  223  231  238  243  247  250  250  250  247
  243  236  228  220  210  199  188  176  166
    67.5-180.0 180.0   5.0 450.0                            LAT/LON1/LON2/DLON/H
  176  164  151  138  126  114  106   98   94   92   91   92   94   97  101  104
  109  114  118  123  128  132  137  141  146  151  157  162  167  172  175  179
  182  184  186  189  190  192  193  194  194  193  191  188  186  184  182  182
  184  187  193  198  206  214  221  228  235  241  246  251  254  256  256  254
  251  245  238  229  219  209  198  187  176
    65.0-180.0 180.0   5.0 450.0                            LAT/LON1/LON2/DLON/H
  182  170  158  144  130  117  104   96   90   86   84   84   84   87   91   94
   99  104  110  116  122  127  132  137  142  148  154  161  167  173  179  183
  187  190  192  193  194  194  194  194  194  193  191  188  186  184  184  185
  188  193  199  204  211  217  223  227  230  234  238  242  245  248  249  249
  246  242  236  228  220  211  202  192  182
    62.5-180.0 180.0   5.0 450.0                            LAT/LON1/LON2/DLON/H
  181  172  160  147  132  118  104   94   87   82   78   77   78   78   81   84
   88   94  100  107  113  120  126  131  137  144  152  161  168  176  184  190
  194  198  200  200  200  199  198  196  195  194  192  189  187  186  187  190
  194  200  206  212  218  221  223  223  223  223  224  227  230  233  235  235
  233  230  224  216  209  202  195  189  181
    60.0-180.0 180.0   5.0 450.0                            LAT/LON1/LON2/DLON/H
  172  166  157  145  131  117  104   93   84   78   75   72   72   72   73   75
   78   83   89   97  104  112  118  125  133  142  151  161  171  182  192  201
  207  210  212  210  208  205  202  199  196  194  194  192  191  191  192  196
  203  210  216  222  226  227  226  222  218  214  213  214  216  220  221  221
  219  214  208  201  193  186  180  176  172
    57.5-180.0 180.0   5.0 450.0                            LAT/LON1/LON2/DLON/H
  157  153  148  139  128  114  102   91   82   77   72   70   69   68   68   68
   70   74   79   87   94  103  112  121  130  141  151  163  176  190  204  216
  224  228  228  225  220  214  206  202  198  198  198  197  196  198  201  206
  214  222  229  235  238  238  234  228  222  216  214  214  215  216  216  214
  210  204  196  186  176  168  162  160  157
    55.0-180.0 180.0   5.0 450.0                            LAT/LON1/LON2/DLON/H
  143  141  137  131  121  110   98   88   80   75   72   70   68   67   65   65
   64   66   70   77   84   94  105  116  129  142  154  168  184  201  219  234
  244  249  249  244  236  226  214  205  201  201  203  204  206  208  212  219
  228  238  245  250  254  254  251  246  240  235  233  233  233  232  228  222
  214  205  194  181  168  157  149  145  143
    52.5-180.0 180.0   5.0 450.0                            LAT/LON1/LON2/DLON/H
  134  132  128  124  116  105   94   84   77   72   70   68   68   66   64   62
   60   60   63   68   76   87  100  114  130  146  161  176  193  214  234  253
  266  274  274  267  256  241  224  210  204  205  209  213  216  220  226  235
  246  256  265  270  274  276  276  273  270  268  267  267  266  264  257  248
  236  223  208  191  174  158  147  139  134
    50.0-180.0 180.0   5.0 450.0                            LAT/LON1/LON2/DLON/H
  138  132  127  122  114  103   91   81   72   68   67   67   68   67   65   62
   60   58   58   62   69   81   96  113  132  151  168  185  204  226  249  271
  289  299  301  294  280  260  238  219  209  208  214  222  228  236  244  255
  267  278  286  292  297  301  302  304  304  304  306  306  306  301  293  281
  267  252  236  216  196  176  160  147  138
    47.5-180.0 180.0   5.0 450.0                            LAT/LON1/LON2/DLON/H
  154  144  136  128  118  106   92   80   71   65   64   66   68   68   67   65
   62   60   58   60   66   78   94  114  136  158  178  196  216  237  262  286
  308  323  328  323  308  285  256  230  215  212  220  230  240  252  264  277
  290  301  309  314  320  324  328  330  332  334  336  337  337  334  325  313
  299  283  266  247  226  204  185  168  154
    45.0-180.0 180.0   5.0 450.0                            LAT/LON1/LON2/DLON/H
  178  164  154  144  131  116  100   85   72   66   64   66   70   71   71   70
   68   67   65   64   68   78   96  118  142  166  188  208  226  248  272  296
  322  343  355  352  339  314  281  247  224  218  225  238  253  269  284  300
  315  325  332  336  340  343  346  347  347  346  347  348  349  349  343  334
  322  308  292  274  254  233  212  193  178
    42.5-180.0 180.0   5.0 450.0                            LAT/LON1/LON2/DLON/H
  200  187  175  164  151  134  117   98   82   72   68   70   74   75   76   77
   78   78   78   75   76   84  100  123  149  175  199  220  239  258  278  303
  332  358  376  380  370  348  312  271  239  226  231  246  264  284  305  324
  340  350  354  355  356  356  355  350  345  339  334  334  336  340  341  336
  328  316  304  288  270  252  233  215  200
    40.0-180.0 180.0   5.0 450.0                            LAT/LON1/LON2/DLON/H
  214  204  194  184  172  157  139  119  100   87   81   80   82   82   83   86
   91   94   94   89   87   92  107  128  156  184  209  230  248  266  284  306
  336  366  390  402  401  385  349  302  261  241  241  254  275  298  323  346
  364  374  377  377  376  374  368  358  345  331  321  318  322  330  334  332
  326  314  299  283  267  253  239  226  214
    37.5-180.0 180.0   5.0 450.0                            LAT/LON1/LON2/DLON/H
  213  209  205  200  191  178  162  142  123  108  100   97   94   92   91   95
  103  110  111  104   98  101  113  134  162  191  216  239  256  272  287  306
  334  366  396  418  429  423  392  341  292  263  257  266  284  310  340  369
  392  406  410  411  411  409  403  389  370  350  334  329  334  342  346  343
  333  316  294  273  254  239  227  218  213
    35.0-180.0 180.0   5.0 450.0                            LAT/LON1/LON2/DLON/H
  201  203  205  204  200  193  182  164  146  132  123  118  111  103   99  104
  114  123  125  118  110  108  119  139  166  196  223  244  261  276  289  305
  329  360  397  430  455  462  439  389  335  297  282  283  298  326  361  400
  432  452  462  468  474  477  474  462  442  418  400  394  397  402  400  389
  369  341  309  277  250  229  214  204  201
    32.5-180.0 180.0   5.0 450.0                            LAT/LON1/LON2/DLON/H
  193  194  198  200  199  196  190  180  166  154  147  141  129  116  108  110
  121  132  134  127  116  112  121  141  169  199  224  246  262  278  291  304
  325  356  397  440  479  500  488  444  388  344  319  311  322  352  396  446
  491  523  543  559  576  592  600  597  581  560  543  537  538  534  518  490
  453  407  360  315  276  242  216  200  193
    30.0-180.0 180.0   5.0 450.0                            LAT/LON1/LON2/DLON/H
  204  199  198  195  192  189  188  184  177  172  169  162  148  129  116  116
  125  136  139  131  118  112  121  141  169  199  224  245  262  279  294  308
  326  357  402  455  504  538  538  503  450  404  370  354  363  398  453  517
  578  626  660  691  723  753  776  784  777  761  748  745  743  728  695  648
  590  527  464  404  348  298  254  222  204
    27.5-180.0 180.0   5.0 450.0                            LAT/LON1/LON2/DLON/H
  248  227  214  202  189  182  180  180  180  182  184  181  164  143  127  122
  128  138  140  131  117  110  118  138  166  196  223  243  262  282  302  318
  337  368  416  475  532  575  588  564  520  473  436  418  428  470  539  619
  696  756  802  843  887  930  966  987  988  978  968  968  963  938  888  823
  748  674  605  539  474  407  342  286  248
    25.0-180.0 180.0   5.0 450.0                            LAT/LON1/LON2/DLON/H
  335  292  260  228  199  181  174  174  180  187  195  194  180  158  138  129
  131  137  138  129  115  108  115  136  165  196  222  243  264  289  315  337
  360  394  444  504  564  612  635  624  590  552  519  504  520  572  650  742
  827  893  943  988 1038 1088 1134 1164 1172 1164 1158 1158 1148 1114 1052  973
  888  810  744  683  618  546  470  395  335
    22.5-180.0 180.0   5.0 450.0                            LAT/LON1/LON2/DLON/H
  445  387  336  284  233  196  178  174  180  193  203  206  196  175  152  138
  134  136  136  127  114  107  114  134  164  195  222  246  271  302  335  365
  394  430  480  540  600  650  680  681  662  635  613  607  631  688  771  864
  947 1010 1056 1098 1144 1194 1242 1276 1286 1277 1268 1264 1250 1210 1142 1057
  971  898  843  797  744  679  601  518  445
    20.0-180.0 180.0   5.0 450.0                            LAT/LON1/LON2/DLON/H
  550  486  426  358  291  234  198  185  190  202  214  219  210  192  169  149
  138  134  134  127  116  110  116  136  164  196  225  252  282  319  359  398
  433  473  522  580  638  688  722  733  728  717  708  714  744  802  881  966
 1038 1087 1117 1144 1177 1217 1260 1293 1301 1288 1272 1260 1239 1194 1123 1040
  959  898  864  842  812  766  701  625  550
    17.5-180.0 180.0   5.0 450.0                            LAT/LON1/LON2/DLON/H
  623  567  506  435  357  285  234  210  210  220  230  233  226  210  185  161
  143  136  132  127  119  114  120  138  167  200  231  261  296  338  384  430
  473  517  567  622  677  725  759  777  784  788  794  808  842  896  963 1029
 1078 1102 1110 1118 1137 1167 1206 1238 1244 1227 1202 1178 1146 1095 1024  940
  862  809  788  787  784  770  736  682  623
    15.0-180.0 180.0   5.0 450.0                            LAT/LON1/LON2/DLON/H
  637  604  558  495  418  339  276  245  240  246  251  251  244  226  202  174
  151  139  134  131  125  121  126  142  171  205  238  271  310  356  408  460
  508  556  609  663  714  757  790  811  827  842  857  878  909  953 1003 1045
 1067 1067 1056 1048 1056 1080 1115 1145 1150 1129 1097 1062 1020  964  891  806
  726  674  657  662  676  686  684  666  637
    12.5-180.0 180.0   5.0 450.0                            LAT/LON1/LON2/DLON/H
  588  580  562  524  461  386  320  285  278  279  278  272  260  242  216  187
  162  147  140  136  132  128  132  148  176  211  246  281  322  372  427  482
  536  588  642  698  745  782  810  832  852  872  892  912  937  970 1005 1027
 1027 1008  983  968  970  990 1024 1054 1058 1035  998  958  910  850  774  686
  600  541  518  520  534  555  575  586  588
    10.0-180.0 180.0   5.0 450.0                            LAT/LON1/LON2/DLON/H
  505  518  522  512  476  418  359  325  318  315  306  293  276  256  230  202
  176  159  150  144  140  136  139  154  182  218  254  291  332  383  439  497
  553  609  667  721  764  795  818  837  856  876  894  912  934  961  984  992
  976  947  919  906  911  934  970  998 1003  980  947  907  861  801  722  628
  532  461  423  408  409  427  456  486  505
     7.5-180.0 180.0   5.0 450.0                            LAT/LON1/LON2/DLON/H
  426  445  466  479  469  432  388  363  357  351  336  315  290  266  242  216
  191  174  162  154  147  142  144  158  187  224  262  300  340  389  445  503
  560  618  677  728  767  792  810  825  842  858  874  889  909  934  954  956
  936  908  890  888  905  934  968  993  994  975  947  917  879  826  750  656
  556  475  419  378  352  348  370  400  426
     5.0-180.0 180.0   5.0 450.0                            LAT/LON1/LON2/DLON/H
  381  392  414  441  452  436  410  395  393  385  363  334  302  275  250  227
  206  189  176  164  154  148  148  162  191  230  269  305  344  390  445  500
  557  613  669  717  750  772  788  801  816  828  840  854  875  902  927  933
  920  904  900  914  940  974 1004 1022 1020 1002  981  962  937  893  828  740
  645  565  503  446  392  360  358  370  381
     2.5-180.0 180.0   5.0 450.0                            LAT/LON1/LON2/DLON/H
  400  386  390  415  436  437  427  423  423  413  388  351  312  280  256  236
  217  202  186  172  159  150  150  164  193  232  272  309  344  386  436  489
  542  595  646  688  718  739  756  770  783  793  802  817  840  873  907  924
  923  922  936  964 1000 1035 1061 1071 1064 1047 1031 1020 1004  971  917  843
  760  691  634  570  501  449  427  417  400
